
172700220010
172700240010
172700260010
172700270010
172700280010
172700290010
172700300010
172700310010
172700320010
172700340010
172700420010
172700430010
172700460010
172700560010
172800530010
172800540010
172800550010
172800560010
172800570010
172800580010
172800590010
172800700010
172800710010
172800720010
173000090010
173000100010
173000110010
173000120010
173000140010
173000150010
173000160010
173000170010
173000180010
173000190010
173000200010
173000210010
173000220010
173000230010
173000250010
173000260010
173000280010
173000290010
173000300010
173000320010
173000330010
173000340010
173000350010
173000360010
173000370010
173000380010
173000390010
173000400010
173000420010
173000430010
173000440010
173000450010
173000460010
173000470010
173000480010
173000490010
173000500010
173000510010
173000520010
173000530010
173000540010
173000550010
173000560010
173000570010
173000580010
173000590010
173000600010
173000610010
173000620010
173000630010
173000640010
173000670010
173000680010
173000690010
173000700010
173000710010
173000720010
173000730010
173000740010
173000750010
173000760010
173000770010
173000780010
173100040010
173100050010
173100070010
173100080010
173100090010
173100110010
173100120010
173100130010
173100140010
173100150010
173100170010
173100180010
173100190010
173100200010
173100210010
173100220010
173100230010
173100240010
173100250010
173100260010
173100270010
173100280010
173100290010
173100630010
173100640010
173100660010
173100670010
173100690010
173100700010
173100710010
173100720010
173100730010
173100740010
173100750010
173100760010
173100780010
173100790010
173100800010
173100810010
173100820010
173100830010
173100840010
173100850010
173100860010
173100870010
173100880010
173100900010
173100910010
173100920010
173100930010
173100940010
173100950010
173100960010
173100960020
173200540010
173200550010
173200560010
173200570010
173200570030
173200580010
173200590010
173200600010
173200610010
173200620010
173200640010
173200650010
173200660010
173200680010
173200690010
173200710010
173200720010
173200730010
173200740010
173200760010
173200770010
173200780010
173200790010
173200800010
173200810010
173200820010
173200830010
173200840010
173200850010
173200860010
173200880010
173400550010
173400560010
173400570010
173400580010
173400590010
173400600010
173400640010
173400650010
173400660010
173400670010
173400680010
173400690010
173400710010
173400720010
73200830010
