-180 -75
-150 -75
-120 -75
-90 -75
-60 -75
-30 -75
0 -75
30 -75
60 -75
90 -75
120 -75
150 -75
-180 -45
-150 -45
-120 -45
-90 -45
-60 -45
-30 -45
0 -45
30 -45
60 -45
90 -45
120 -45
150 -45
-180 -15
-150 -15
-120 -15
-90 -15
-60 -15
-30 -15
0 -15
30 -15
60 -15
90 -15
120 -15
150 -15
-180 15
-150 15
-120 15
-90 15
-60 15
-30 15
0 15
30 15
60 15
90 15
120 15
150 15
-180 45
-150 45
-120 45
-90 45
-60 45
-30 45
0 45
30 45
60 45
90 45
120 45
150 45
-180 75
-150 75
-120 75
-90 75
-60 75
-30 75
0 75
30 75
60 75
90 75
120 75
150 75
