86.4050 28.9362
94.4655 15.9034
101.5216 2.6091
108.4276 -10.7237
115.9764 -23.8904
125.2292 -36.6056
138.0044 -48.3296
157.4966 -57.8605
186.4508 -62.7257
217.9801 -60.4958
241.1171 -52.4202
256.0560 -41.3519
266.4050 -28.9362
274.4655 -15.9034
281.5216 -2.6091
288.4276 10.7237
295.9764 23.8904
305.2292 36.6056
318.0044 48.3296
337.4966 57.8605
6.4508 62.7257
37.9801 60.4958
61.1171 52.4202
76.0560 41.3519
86.4050 28.9362
105.5636 29.1560
111.8675 15.8830
118.2711 2.8402
125.4063 -9.7824
133.9825 -21.6997
144.9377 -32.4347
159.4187 -41.1734
178.0926 -46.6718
199.4154 -47.6390
219.4840 -43.7882
235.6021 -36.1481
247.7981 -26.0727
257.1771 -14.5459
264.7812 -2.1571
271.3954 10.7477
277.6595 23.9501
284.2680 37.2848
292.3667 50.5674
304.8390 63.4283
332.0874 74.4657
33.0940 77.1483
73.1417 68.1297
89.2839 55.6807
98.5579 42.4966
77.1771 14.5459
84.7812 2.1571
91.3954 -10.7477
97.6595 -23.9501
104.2680 -37.2848
112.3667 -50.5674
124.8390 -63.4283
152.0874 -74.4657
213.0940 -77.1483
253.1417 -68.1297
269.2839 -55.6807
278.5579 -42.4966
285.5636 -29.1560
291.8675 -15.8830
298.2711 -2.8402
305.4063 9.7824
313.9825 21.6997
324.9377 32.4347
339.4187 41.1734
358.0926 46.6718
19.4154 47.6390
39.4840 43.7882
55.6021 36.1481
67.7981 26.0727
