0.000000  0.000000 
0.000000  19.000000 
0.000000  38.000000 
0.000000  57.000000 
0.000000  76.000000 
0.000000  95.000000 
0.000000  114.000000 
0.000000  133.000000 
0.000000  152.000000 
0.000000  171.000000 
0.000000  190.000000 
0.000000  209.000000 
0.000000  228.000000 
0.000000  247.000000 
0.000000  266.000000 
0.000000  285.000000 
0.000000  304.000000 
0.000000  323.000000 
8.500000  0.000000 
8.500000  19.001967 
8.500000  38.003933 
8.500000  57.005900 
8.500000  76.007867 
8.500000  95.009833 
8.500000  114.011800 
8.500000  133.013767 
8.500000  152.015733 
8.500000  171.017700 
8.500000  190.019666 
8.500000  209.021633 
8.500000  228.023600 
8.500000  247.025566 
8.500000  266.027533 
8.500000  285.029500 
8.500000  304.031466 
8.500000  323.033433 
17.000000  0.000000 
17.000000  19.008238 
17.000000  38.016475 
17.000000  57.024713 
17.000000  76.032950 
17.000000  95.041188 
17.000000  114.049425 
17.000000  133.057663 
17.000000  152.065900 
17.000000  171.074138 
17.000000  190.082375 
17.000000  209.090613 
17.000000  228.098850 
17.000000  247.107088 
17.000000  266.115325 
17.000000  285.123563 
17.000000  304.131800 
17.000000  323.140038 
25.500000  0.000000 
25.500000  19.020084 
25.500000  38.040167 
25.500000  57.060251 
25.500000  76.080335 
25.500000  95.100418 
25.500000  114.120502 
25.500000  133.140586 
25.500000  152.160670 
25.500000  171.180753 
25.500000  190.200837 
25.500000  209.220921 
25.500000  228.241004 
25.500000  247.261088 
25.500000  266.281172 
25.500000  285.301255 
25.500000  304.321339 
25.500000  323.341423 
34.000000  0.000000 
34.000000  19.040279 
34.000000  38.080557 
34.000000  57.120836 
34.000000  76.161115 
34.000000  95.201394 
34.000000  114.241672 
34.000000  133.281951 
34.000000  152.322230 
34.000000  171.362509 
34.000000  190.402787 
34.000000  209.443066 
34.000000  228.483345 
34.000000  247.523624 
34.000000  266.563902 
34.000000  285.604181 
34.000000  304.644460 
34.000000  323.684739 
42.500000  0.000000 
42.500000  19.074702 
42.500000  38.149404 
42.500000  57.224107 
42.500000  76.298809 
42.500000  95.373511 
42.500000  114.448213 
42.500000  133.522915 
42.500000  152.597617 
42.500000  171.672320 
42.500000  190.747022 
42.500000  209.821724 
42.500000  228.896426 
42.500000  247.971128 
42.500000  267.045831 
42.500000  286.120533 
42.500000  305.195235 
42.500000  324.269937 
51.000000  0.000000 
51.000000  19.136875 
51.000000  38.273749 
51.000000  57.410624 
51.000000  76.547498 
51.000000  95.684373 
51.000000  114.821248 
51.000000  133.958122 
51.000000  153.094997 
51.000000  172.231872 
51.000000  191.368746 
51.000000  210.505621 
51.000000  229.642495 
51.000000  248.779370 
51.000000  267.916245 
51.000000  287.053119 
51.000000  306.189994 
51.000000  325.326868 
59.500000  0.000000 
59.500000  19.263345 
59.500000  38.526690 
59.500000  57.790035 
59.500000  77.053380 
59.500000  96.316724 
59.500000  115.580069 
59.500000  134.843414 
59.500000  154.106759 
59.500000  173.370104 
59.500000  192.633449 
59.500000  211.896794 
59.500000  231.160139 
59.500000  250.423484 
59.500000  269.686829 
59.500000  288.950173 
59.500000  308.213518 
59.500000  327.476863 
68.000000  0.000000 
68.000000  19.585540 
68.000000  39.171080 
68.000000  58.756620 
68.000000  78.342161 
68.000000  97.927701 
68.000000  117.513241 
68.000000  137.098781 
68.000000  156.684321 
68.000000  176.269861 
68.000000  195.855402 
68.000000  215.440942 
68.000000  235.026482 
68.000000  254.612022 
68.000000  274.197562 
68.000000  293.783102 
68.000000  313.368643 
68.000000  332.954183 
