266.4050 -28.9362
249.4161 -18.0003
234.5233 -5.7700
220.2718 6.8289
205.2595 18.9891
188.0256 29.7633
167.2501 37.8325
142.9488 41.5643
117.8868 39.8868
95.5989 33.3128
77.1105 23.4097
61.4110 11.6602
47.0313 -0.8660
32.5560 -13.3375
16.5605 -24.9055
357.5859 -34.4490
334.7893 -40.4350
309.5938 -41.3629
271.1562 -21.5991
254.3232 -11.5125
238.7030 -0.5330
223.1384 10.4857
206.4704 20.6985
187.6386 29.1034
166.1468 34.4938
142.9102 35.7695
120.2012 32.6176
99.8465 25.7718
82.0597 16.4489
66.0086 5.7779
50.5627 -5.3240
34.5593 -16.0296
16.8643 -25.4286
356.6214 -32.4011
333.9833 -35.7253
310.7192 -34.6331
275.4433 -14.1403
258.6793 -4.7300
242.3720 5.0698
225.5753 14.4516
207.4146 22.5530
187.3471 28.4041
165.6358 31.0616
143.5667 29.9975
122.6882 25.4321
103.7302 18.1851
86.4374 9.2474
70.0328 -0.4708
53.5827 -10.1505
36.1594 -18.9676
17.0161 -26.0009
355.9742 -30.2603
333.8668 -30.9650
312.2711 -27.9688
279.4555 -6.6104
262.6117 2.2794
245.5622 10.9714
227.5492 18.6681
208.0584 24.5130
187.1468 27.6722
165.6506 27.5947
144.7921 24.2952
125.3745 18.3449
107.4205 10.5835
90.3983 1.8650
73.5443 -7.0152
56.0631 -15.2763
37.2936 -22.0890
16.9838 -26.5871
355.6121 -28.0472
334.3155 -26.1996
314.1803 -21.3825
283.3466 0.9506
266.2286 9.4646
248.2937 17.1153
229.0151 23.0758
208.3634 26.5332
187.0254 26.9108
166.1251 24.1398
146.5017 18.6978
128.2857 11.3681
111.0379 2.9853
94.0535 -5.6616
76.5724 -13.8033
57.9446 -20.6354
37.8749 -25.3209
16.7206 -27.1395
355.4837 -25.7672
335.2204 -21.4510
316.3936 -14.8731
287.2547 8.5072
269.6227 16.7877
250.5633 23.4534
229.9039 27.6114
208.2809 28.5580
186.9566 26.1119
166.9884 20.7244
148.6277 13.2241
131.4386 4.5038
114.6630 -4.6076
97.4644 -13.3187
79.0868 -20.7999
59.0999 -26.1580
37.7650 -28.5666
16.1464 -27.5810
355.5034 -23.3895
336.4627 -16.7002
318.8438 -8.4062
291.3206 16.0232
272.8727 24.2210
252.3242 29.9433
230.0970 32.1991
207.7345 30.5099
186.8840 25.2394
168.1459 17.3368
151.0887 7.8534
134.8153 -2.2816
118.3137 -12.2314
100.5991 -21.1306
80.9198 -27.9880
59.2420 -31.7498
36.7071 -31.6666
15.0981 -27.7567
355.5088 -20.7927
337.8626 -11.8309
321.3908 -1.8566
295.7046 23.4568
276.0320 31.7494
253.4259 36.5433
229.3579 36.7255
206.5649 32.2473
186.6675 24.1684
169.4221 13.8523
153.7148 2.4422
138.2744 -9.1471
121.8264 -20.0445
103.1453 -29.2190
81.4904 -35.3724
57.6362 -37.2149
34.1202 -34.2636
13.1746 -27.2680
355.1206 -17.5779
339.0262 -6.4327
323.6377 5.1910
300.6089 30.7533
279.0379 39.3910
253.3565 43.1917
227.0438 40.9252
204.2802 33.3603
185.8461 22.4018
170.3051 9.6830
155.9329 -3.6791
141.1239 -16.8046
124.2142 -28.7242
103.5045 -38.0586
78.4491 -42.9223
51.8713 -41.8160
28.2580 -35.1223
9.0796 -24.6663
353.1242 -12.1839
338.6553 1.1263
324.0530 14.3643
