-180 -87.5
-175 -87.5
-170 -87.5
-165 -87.5
-160 -87.5
-155 -87.5
-150 -87.5
-145 -87.5
-140 -87.5
-135 -87.5
-130 -87.5
-125 -87.5
-120 -87.5
-115 -87.5
-110 -87.5
-105 -87.5
-100 -87.5
-95 -87.5
-90 -87.5
-85 -87.5
-80 -87.5
-75 -87.5
-70 -87.5
-65 -87.5
-60 -87.5
-55 -87.5
-50 -87.5
-45 -87.5
-40 -87.5
-35 -87.5
-30 -87.5
-25 -87.5
-20 -87.5
-15 -87.5
-10 -87.5
-5 -87.5
0 -87.5
5 -87.5
10 -87.5
15 -87.5
20 -87.5
25 -87.5
30 -87.5
35 -87.5
40 -87.5
45 -87.5
50 -87.5
55 -87.5
60 -87.5
65 -87.5
70 -87.5
75 -87.5
80 -87.5
85 -87.5
90 -87.5
95 -87.5
100 -87.5
105 -87.5
110 -87.5
115 -87.5
120 -87.5
125 -87.5
130 -87.5
135 -87.5
140 -87.5
145 -87.5
150 -87.5
155 -87.5
160 -87.5
165 -87.5
170 -87.5
175 -87.5
-180 -82.5
-175 -82.5
-170 -82.5
-165 -82.5
-160 -82.5
-155 -82.5
-150 -82.5
-145 -82.5
-140 -82.5
-135 -82.5
-130 -82.5
-125 -82.5
-120 -82.5
-115 -82.5
-110 -82.5
-105 -82.5
-100 -82.5
-95 -82.5
-90 -82.5
-85 -82.5
-80 -82.5
-75 -82.5
-70 -82.5
-65 -82.5
-60 -82.5
-55 -82.5
-50 -82.5
-45 -82.5
-40 -82.5
-35 -82.5
-30 -82.5
-25 -82.5
-20 -82.5
-15 -82.5
-10 -82.5
-5 -82.5
0 -82.5
5 -82.5
10 -82.5
15 -82.5
20 -82.5
25 -82.5
30 -82.5
35 -82.5
40 -82.5
45 -82.5
50 -82.5
55 -82.5
60 -82.5
65 -82.5
70 -82.5
75 -82.5
80 -82.5
85 -82.5
90 -82.5
95 -82.5
100 -82.5
105 -82.5
110 -82.5
115 -82.5
120 -82.5
125 -82.5
130 -82.5
135 -82.5
140 -82.5
145 -82.5
150 -82.5
155 -82.5
160 -82.5
165 -82.5
170 -82.5
175 -82.5
-180 -77.5
-175 -77.5
-170 -77.5
-165 -77.5
-160 -77.5
-155 -77.5
-150 -77.5
-145 -77.5
-140 -77.5
-135 -77.5
-130 -77.5
-125 -77.5
-120 -77.5
-115 -77.5
-110 -77.5
-105 -77.5
-100 -77.5
-95 -77.5
-90 -77.5
-85 -77.5
-80 -77.5
-75 -77.5
-70 -77.5
-65 -77.5
-60 -77.5
-55 -77.5
-50 -77.5
-45 -77.5
-40 -77.5
-35 -77.5
-30 -77.5
-25 -77.5
-20 -77.5
-15 -77.5
-10 -77.5
-5 -77.5
0 -77.5
5 -77.5
10 -77.5
15 -77.5
20 -77.5
25 -77.5
30 -77.5
35 -77.5
40 -77.5
45 -77.5
50 -77.5
55 -77.5
60 -77.5
65 -77.5
70 -77.5
75 -77.5
80 -77.5
85 -77.5
90 -77.5
95 -77.5
100 -77.5
105 -77.5
110 -77.5
115 -77.5
120 -77.5
125 -77.5
130 -77.5
135 -77.5
140 -77.5
145 -77.5
150 -77.5
155 -77.5
160 -77.5
165 -77.5
170 -77.5
175 -77.5
-180 -72.5
-175 -72.5
-170 -72.5
-165 -72.5
-160 -72.5
-155 -72.5
-150 -72.5
-145 -72.5
-140 -72.5
-135 -72.5
-130 -72.5
-125 -72.5
-120 -72.5
-115 -72.5
-110 -72.5
-105 -72.5
-100 -72.5
-95 -72.5
-90 -72.5
-85 -72.5
-80 -72.5
-75 -72.5
-70 -72.5
-65 -72.5
-60 -72.5
-55 -72.5
-50 -72.5
-45 -72.5
-40 -72.5
-35 -72.5
-30 -72.5
-25 -72.5
-20 -72.5
-15 -72.5
-10 -72.5
-5 -72.5
0 -72.5
5 -72.5
10 -72.5
15 -72.5
20 -72.5
25 -72.5
30 -72.5
35 -72.5
40 -72.5
45 -72.5
50 -72.5
55 -72.5
60 -72.5
65 -72.5
70 -72.5
75 -72.5
80 -72.5
85 -72.5
90 -72.5
95 -72.5
100 -72.5
105 -72.5
110 -72.5
115 -72.5
120 -72.5
125 -72.5
130 -72.5
135 -72.5
140 -72.5
145 -72.5
150 -72.5
155 -72.5
160 -72.5
165 -72.5
170 -72.5
175 -72.5
-180 -67.5
-175 -67.5
-170 -67.5
-165 -67.5
-160 -67.5
-155 -67.5
-150 -67.5
-145 -67.5
-140 -67.5
-135 -67.5
-130 -67.5
-125 -67.5
-120 -67.5
-115 -67.5
-110 -67.5
-105 -67.5
-100 -67.5
-95 -67.5
-90 -67.5
-85 -67.5
-80 -67.5
-75 -67.5
-70 -67.5
-65 -67.5
-60 -67.5
-55 -67.5
-50 -67.5
-45 -67.5
-40 -67.5
-35 -67.5
-30 -67.5
-25 -67.5
-20 -67.5
-15 -67.5
-10 -67.5
-5 -67.5
0 -67.5
5 -67.5
10 -67.5
15 -67.5
20 -67.5
25 -67.5
30 -67.5
35 -67.5
40 -67.5
45 -67.5
50 -67.5
55 -67.5
60 -67.5
65 -67.5
70 -67.5
75 -67.5
80 -67.5
85 -67.5
90 -67.5
95 -67.5
100 -67.5
105 -67.5
110 -67.5
115 -67.5
120 -67.5
125 -67.5
130 -67.5
135 -67.5
140 -67.5
145 -67.5
150 -67.5
155 -67.5
160 -67.5
165 -67.5
170 -67.5
175 -67.5
-180 -62.5
-175 -62.5
-170 -62.5
-165 -62.5
-160 -62.5
-155 -62.5
-150 -62.5
-145 -62.5
-140 -62.5
-135 -62.5
-130 -62.5
-125 -62.5
-120 -62.5
-115 -62.5
-110 -62.5
-105 -62.5
-100 -62.5
-95 -62.5
-90 -62.5
-85 -62.5
-80 -62.5
-75 -62.5
-70 -62.5
-65 -62.5
-60 -62.5
-55 -62.5
-50 -62.5
-45 -62.5
-40 -62.5
-35 -62.5
-30 -62.5
-25 -62.5
-20 -62.5
-15 -62.5
-10 -62.5
-5 -62.5
0 -62.5
5 -62.5
10 -62.5
15 -62.5
20 -62.5
25 -62.5
30 -62.5
35 -62.5
40 -62.5
45 -62.5
50 -62.5
55 -62.5
60 -62.5
65 -62.5
70 -62.5
75 -62.5
80 -62.5
85 -62.5
90 -62.5
95 -62.5
100 -62.5
105 -62.5
110 -62.5
115 -62.5
120 -62.5
125 -62.5
130 -62.5
135 -62.5
140 -62.5
145 -62.5
150 -62.5
155 -62.5
160 -62.5
165 -62.5
170 -62.5
175 -62.5
-180 -57.5
-175 -57.5
-170 -57.5
-165 -57.5
-160 -57.5
-155 -57.5
-150 -57.5
-145 -57.5
-140 -57.5
-135 -57.5
-130 -57.5
-125 -57.5
-120 -57.5
-115 -57.5
-110 -57.5
-105 -57.5
-100 -57.5
-95 -57.5
-90 -57.5
-85 -57.5
-80 -57.5
-75 -57.5
-70 -57.5
-65 -57.5
-60 -57.5
-55 -57.5
-50 -57.5
-45 -57.5
-40 -57.5
-35 -57.5
-30 -57.5
-25 -57.5
-20 -57.5
-15 -57.5
-10 -57.5
-5 -57.5
0 -57.5
5 -57.5
10 -57.5
15 -57.5
20 -57.5
25 -57.5
30 -57.5
35 -57.5
40 -57.5
45 -57.5
50 -57.5
55 -57.5
60 -57.5
65 -57.5
70 -57.5
75 -57.5
80 -57.5
85 -57.5
90 -57.5
95 -57.5
100 -57.5
105 -57.5
110 -57.5
115 -57.5
120 -57.5
125 -57.5
130 -57.5
135 -57.5
140 -57.5
145 -57.5
150 -57.5
155 -57.5
160 -57.5
165 -57.5
170 -57.5
175 -57.5
-180 -52.5
-175 -52.5
-170 -52.5
-165 -52.5
-160 -52.5
-155 -52.5
-150 -52.5
-145 -52.5
-140 -52.5
-135 -52.5
-130 -52.5
-125 -52.5
-120 -52.5
-115 -52.5
-110 -52.5
-105 -52.5
-100 -52.5
-95 -52.5
-90 -52.5
-85 -52.5
-80 -52.5
-75 -52.5
-70 -52.5
-65 -52.5
-60 -52.5
-55 -52.5
-50 -52.5
-45 -52.5
-40 -52.5
-35 -52.5
-30 -52.5
-25 -52.5
-20 -52.5
-15 -52.5
-10 -52.5
-5 -52.5
0 -52.5
5 -52.5
10 -52.5
15 -52.5
20 -52.5
25 -52.5
30 -52.5
35 -52.5
40 -52.5
45 -52.5
50 -52.5
55 -52.5
60 -52.5
65 -52.5
70 -52.5
75 -52.5
80 -52.5
85 -52.5
90 -52.5
95 -52.5
100 -52.5
105 -52.5
110 -52.5
115 -52.5
120 -52.5
125 -52.5
130 -52.5
135 -52.5
140 -52.5
145 -52.5
150 -52.5
155 -52.5
160 -52.5
165 -52.5
170 -52.5
175 -52.5
-180 -47.5
-175 -47.5
-170 -47.5
-165 -47.5
-160 -47.5
-155 -47.5
-150 -47.5
-145 -47.5
-140 -47.5
-135 -47.5
-130 -47.5
-125 -47.5
-120 -47.5
-115 -47.5
-110 -47.5
-105 -47.5
-100 -47.5
-95 -47.5
-90 -47.5
-85 -47.5
-80 -47.5
-75 -47.5
-70 -47.5
-65 -47.5
-60 -47.5
-55 -47.5
-50 -47.5
-45 -47.5
-40 -47.5
-35 -47.5
-30 -47.5
-25 -47.5
-20 -47.5
-15 -47.5
-10 -47.5
-5 -47.5
0 -47.5
5 -47.5
10 -47.5
15 -47.5
20 -47.5
25 -47.5
30 -47.5
35 -47.5
40 -47.5
45 -47.5
50 -47.5
55 -47.5
60 -47.5
65 -47.5
70 -47.5
75 -47.5
80 -47.5
85 -47.5
90 -47.5
95 -47.5
100 -47.5
105 -47.5
110 -47.5
115 -47.5
120 -47.5
125 -47.5
130 -47.5
135 -47.5
140 -47.5
145 -47.5
150 -47.5
155 -47.5
160 -47.5
165 -47.5
170 -47.5
175 -47.5
-180 -42.5
-175 -42.5
-170 -42.5
-165 -42.5
-160 -42.5
-155 -42.5
-150 -42.5
-145 -42.5
-140 -42.5
-135 -42.5
-130 -42.5
-125 -42.5
-120 -42.5
-115 -42.5
-110 -42.5
-105 -42.5
-100 -42.5
-95 -42.5
-90 -42.5
-85 -42.5
-80 -42.5
-75 -42.5
-70 -42.5
-65 -42.5
-60 -42.5
-55 -42.5
-50 -42.5
-45 -42.5
-40 -42.5
-35 -42.5
-30 -42.5
-25 -42.5
-20 -42.5
-15 -42.5
-10 -42.5
-5 -42.5
0 -42.5
5 -42.5
10 -42.5
15 -42.5
20 -42.5
25 -42.5
30 -42.5
35 -42.5
40 -42.5
45 -42.5
50 -42.5
55 -42.5
60 -42.5
65 -42.5
70 -42.5
75 -42.5
80 -42.5
85 -42.5
90 -42.5
95 -42.5
100 -42.5
105 -42.5
110 -42.5
115 -42.5
120 -42.5
125 -42.5
130 -42.5
135 -42.5
140 -42.5
145 -42.5
150 -42.5
155 -42.5
160 -42.5
165 -42.5
170 -42.5
175 -42.5
-180 -37.5
-175 -37.5
-170 -37.5
-165 -37.5
-160 -37.5
-155 -37.5
-150 -37.5
-145 -37.5
-140 -37.5
-135 -37.5
-130 -37.5
-125 -37.5
-120 -37.5
-115 -37.5
-110 -37.5
-105 -37.5
-100 -37.5
-95 -37.5
-90 -37.5
-85 -37.5
-80 -37.5
-75 -37.5
-70 -37.5
-65 -37.5
-60 -37.5
-55 -37.5
-50 -37.5
-45 -37.5
-40 -37.5
-35 -37.5
-30 -37.5
-25 -37.5
-20 -37.5
-15 -37.5
-10 -37.5
-5 -37.5
0 -37.5
5 -37.5
10 -37.5
15 -37.5
20 -37.5
25 -37.5
30 -37.5
35 -37.5
40 -37.5
45 -37.5
50 -37.5
55 -37.5
60 -37.5
65 -37.5
70 -37.5
75 -37.5
80 -37.5
85 -37.5
90 -37.5
95 -37.5
100 -37.5
105 -37.5
110 -37.5
115 -37.5
120 -37.5
125 -37.5
130 -37.5
135 -37.5
140 -37.5
145 -37.5
150 -37.5
155 -37.5
160 -37.5
165 -37.5
170 -37.5
175 -37.5
-180 -32.5
-175 -32.5
-170 -32.5
-165 -32.5
-160 -32.5
-155 -32.5
-150 -32.5
-145 -32.5
-140 -32.5
-135 -32.5
-130 -32.5
-125 -32.5
-120 -32.5
-115 -32.5
-110 -32.5
-105 -32.5
-100 -32.5
-95 -32.5
-90 -32.5
-85 -32.5
-80 -32.5
-75 -32.5
-70 -32.5
-65 -32.5
-60 -32.5
-55 -32.5
-50 -32.5
-45 -32.5
-40 -32.5
-35 -32.5
-30 -32.5
-25 -32.5
-20 -32.5
-15 -32.5
-10 -32.5
-5 -32.5
0 -32.5
5 -32.5
10 -32.5
15 -32.5
20 -32.5
25 -32.5
30 -32.5
35 -32.5
40 -32.5
45 -32.5
50 -32.5
55 -32.5
60 -32.5
65 -32.5
70 -32.5
75 -32.5
80 -32.5
85 -32.5
90 -32.5
95 -32.5
100 -32.5
105 -32.5
110 -32.5
115 -32.5
120 -32.5
125 -32.5
130 -32.5
135 -32.5
140 -32.5
145 -32.5
150 -32.5
155 -32.5
160 -32.5
165 -32.5
170 -32.5
175 -32.5
-180 -27.5
-175 -27.5
-170 -27.5
-165 -27.5
-160 -27.5
-155 -27.5
-150 -27.5
-145 -27.5
-140 -27.5
-135 -27.5
-130 -27.5
-125 -27.5
-120 -27.5
-115 -27.5
-110 -27.5
-105 -27.5
-100 -27.5
-95 -27.5
-90 -27.5
-85 -27.5
-80 -27.5
-75 -27.5
-70 -27.5
-65 -27.5
-60 -27.5
-55 -27.5
-50 -27.5
-45 -27.5
-40 -27.5
-35 -27.5
-30 -27.5
-25 -27.5
-20 -27.5
-15 -27.5
-10 -27.5
-5 -27.5
0 -27.5
5 -27.5
10 -27.5
15 -27.5
20 -27.5
25 -27.5
30 -27.5
35 -27.5
40 -27.5
45 -27.5
50 -27.5
55 -27.5
60 -27.5
65 -27.5
70 -27.5
75 -27.5
80 -27.5
85 -27.5
90 -27.5
95 -27.5
100 -27.5
105 -27.5
110 -27.5
115 -27.5
120 -27.5
125 -27.5
130 -27.5
135 -27.5
140 -27.5
145 -27.5
150 -27.5
155 -27.5
160 -27.5
165 -27.5
170 -27.5
175 -27.5
-180 -22.5
-175 -22.5
-170 -22.5
-165 -22.5
-160 -22.5
-155 -22.5
-150 -22.5
-145 -22.5
-140 -22.5
-135 -22.5
-130 -22.5
-125 -22.5
-120 -22.5
-115 -22.5
-110 -22.5
-105 -22.5
-100 -22.5
-95 -22.5
-90 -22.5
-85 -22.5
-80 -22.5
-75 -22.5
-70 -22.5
-65 -22.5
-60 -22.5
-55 -22.5
-50 -22.5
-45 -22.5
-40 -22.5
-35 -22.5
-30 -22.5
-25 -22.5
-20 -22.5
-15 -22.5
-10 -22.5
-5 -22.5
0 -22.5
5 -22.5
10 -22.5
15 -22.5
20 -22.5
25 -22.5
30 -22.5
35 -22.5
40 -22.5
45 -22.5
50 -22.5
55 -22.5
60 -22.5
65 -22.5
70 -22.5
75 -22.5
80 -22.5
85 -22.5
90 -22.5
95 -22.5
100 -22.5
105 -22.5
110 -22.5
115 -22.5
120 -22.5
125 -22.5
130 -22.5
135 -22.5
140 -22.5
145 -22.5
150 -22.5
155 -22.5
160 -22.5
165 -22.5
170 -22.5
175 -22.5
-180 -17.5
-175 -17.5
-170 -17.5
-165 -17.5
-160 -17.5
-155 -17.5
-150 -17.5
-145 -17.5
-140 -17.5
-135 -17.5
-130 -17.5
-125 -17.5
-120 -17.5
-115 -17.5
-110 -17.5
-105 -17.5
-100 -17.5
-95 -17.5
-90 -17.5
-85 -17.5
-80 -17.5
-75 -17.5
-70 -17.5
-65 -17.5
-60 -17.5
-55 -17.5
-50 -17.5
-45 -17.5
-40 -17.5
-35 -17.5
-30 -17.5
-25 -17.5
-20 -17.5
-15 -17.5
-10 -17.5
-5 -17.5
0 -17.5
5 -17.5
10 -17.5
15 -17.5
20 -17.5
25 -17.5
30 -17.5
35 -17.5
40 -17.5
45 -17.5
50 -17.5
55 -17.5
60 -17.5
65 -17.5
70 -17.5
75 -17.5
80 -17.5
85 -17.5
90 -17.5
95 -17.5
100 -17.5
105 -17.5
110 -17.5
115 -17.5
120 -17.5
125 -17.5
130 -17.5
135 -17.5
140 -17.5
145 -17.5
150 -17.5
155 -17.5
160 -17.5
165 -17.5
170 -17.5
175 -17.5
-180 -12.5
-175 -12.5
-170 -12.5
-165 -12.5
-160 -12.5
-155 -12.5
-150 -12.5
-145 -12.5
-140 -12.5
-135 -12.5
-130 -12.5
-125 -12.5
-120 -12.5
-115 -12.5
-110 -12.5
-105 -12.5
-100 -12.5
-95 -12.5
-90 -12.5
-85 -12.5
-80 -12.5
-75 -12.5
-70 -12.5
-65 -12.5
-60 -12.5
-55 -12.5
-50 -12.5
-45 -12.5
-40 -12.5
-35 -12.5
-30 -12.5
-25 -12.5
-20 -12.5
-15 -12.5
-10 -12.5
-5 -12.5
0 -12.5
5 -12.5
10 -12.5
15 -12.5
20 -12.5
25 -12.5
30 -12.5
35 -12.5
40 -12.5
45 -12.5
50 -12.5
55 -12.5
60 -12.5
65 -12.5
70 -12.5
75 -12.5
80 -12.5
85 -12.5
90 -12.5
95 -12.5
100 -12.5
105 -12.5
110 -12.5
115 -12.5
120 -12.5
125 -12.5
130 -12.5
135 -12.5
140 -12.5
145 -12.5
150 -12.5
155 -12.5
160 -12.5
165 -12.5
170 -12.5
175 -12.5
-180 -7.5
-175 -7.5
-170 -7.5
-165 -7.5
-160 -7.5
-155 -7.5
-150 -7.5
-145 -7.5
-140 -7.5
-135 -7.5
-130 -7.5
-125 -7.5
-120 -7.5
-115 -7.5
-110 -7.5
-105 -7.5
-100 -7.5
-95 -7.5
-90 -7.5
-85 -7.5
-80 -7.5
-75 -7.5
-70 -7.5
-65 -7.5
-60 -7.5
-55 -7.5
-50 -7.5
-45 -7.5
-40 -7.5
-35 -7.5
-30 -7.5
-25 -7.5
-20 -7.5
-15 -7.5
-10 -7.5
-5 -7.5
0 -7.5
5 -7.5
10 -7.5
15 -7.5
20 -7.5
25 -7.5
30 -7.5
35 -7.5
40 -7.5
45 -7.5
50 -7.5
55 -7.5
60 -7.5
65 -7.5
70 -7.5
75 -7.5
80 -7.5
85 -7.5
90 -7.5
95 -7.5
100 -7.5
105 -7.5
110 -7.5
115 -7.5
120 -7.5
125 -7.5
130 -7.5
135 -7.5
140 -7.5
145 -7.5
150 -7.5
155 -7.5
160 -7.5
165 -7.5
170 -7.5
175 -7.5
-180 -2.5
-175 -2.5
-170 -2.5
-165 -2.5
-160 -2.5
-155 -2.5
-150 -2.5
-145 -2.5
-140 -2.5
-135 -2.5
-130 -2.5
-125 -2.5
-120 -2.5
-115 -2.5
-110 -2.5
-105 -2.5
-100 -2.5
-95 -2.5
-90 -2.5
-85 -2.5
-80 -2.5
-75 -2.5
-70 -2.5
-65 -2.5
-60 -2.5
-55 -2.5
-50 -2.5
-45 -2.5
-40 -2.5
-35 -2.5
-30 -2.5
-25 -2.5
-20 -2.5
-15 -2.5
-10 -2.5
-5 -2.5
0 -2.5
5 -2.5
10 -2.5
15 -2.5
20 -2.5
25 -2.5
30 -2.5
35 -2.5
40 -2.5
45 -2.5
50 -2.5
55 -2.5
60 -2.5
65 -2.5
70 -2.5
75 -2.5
80 -2.5
85 -2.5
90 -2.5
95 -2.5
100 -2.5
105 -2.5
110 -2.5
115 -2.5
120 -2.5
125 -2.5
130 -2.5
135 -2.5
140 -2.5
145 -2.5
150 -2.5
155 -2.5
160 -2.5
165 -2.5
170 -2.5
175 -2.5
-180 2.5
-175 2.5
-170 2.5
-165 2.5
-160 2.5
-155 2.5
-150 2.5
-145 2.5
-140 2.5
-135 2.5
-130 2.5
-125 2.5
-120 2.5
-115 2.5
-110 2.5
-105 2.5
-100 2.5
-95 2.5
-90 2.5
-85 2.5
-80 2.5
-75 2.5
-70 2.5
-65 2.5
-60 2.5
-55 2.5
-50 2.5
-45 2.5
-40 2.5
-35 2.5
-30 2.5
-25 2.5
-20 2.5
-15 2.5
-10 2.5
-5 2.5
0 2.5
5 2.5
10 2.5
15 2.5
20 2.5
25 2.5
30 2.5
35 2.5
40 2.5
45 2.5
50 2.5
55 2.5
60 2.5
65 2.5
70 2.5
75 2.5
80 2.5
85 2.5
90 2.5
95 2.5
100 2.5
105 2.5
110 2.5
115 2.5
120 2.5
125 2.5
130 2.5
135 2.5
140 2.5
145 2.5
150 2.5
155 2.5
160 2.5
165 2.5
170 2.5
175 2.5
-180 7.5
-175 7.5
-170 7.5
-165 7.5
-160 7.5
-155 7.5
-150 7.5
-145 7.5
-140 7.5
-135 7.5
-130 7.5
-125 7.5
-120 7.5
-115 7.5
-110 7.5
-105 7.5
-100 7.5
-95 7.5
-90 7.5
-85 7.5
-80 7.5
-75 7.5
-70 7.5
-65 7.5
-60 7.5
-55 7.5
-50 7.5
-45 7.5
-40 7.5
-35 7.5
-30 7.5
-25 7.5
-20 7.5
-15 7.5
-10 7.5
-5 7.5
0 7.5
5 7.5
10 7.5
15 7.5
20 7.5
25 7.5
30 7.5
35 7.5
40 7.5
45 7.5
50 7.5
55 7.5
60 7.5
65 7.5
70 7.5
75 7.5
80 7.5
85 7.5
90 7.5
95 7.5
100 7.5
105 7.5
110 7.5
115 7.5
120 7.5
125 7.5
130 7.5
135 7.5
140 7.5
145 7.5
150 7.5
155 7.5
160 7.5
165 7.5
170 7.5
175 7.5
-180 12.5
-175 12.5
-170 12.5
-165 12.5
-160 12.5
-155 12.5
-150 12.5
-145 12.5
-140 12.5
-135 12.5
-130 12.5
-125 12.5
-120 12.5
-115 12.5
-110 12.5
-105 12.5
-100 12.5
-95 12.5
-90 12.5
-85 12.5
-80 12.5
-75 12.5
-70 12.5
-65 12.5
-60 12.5
-55 12.5
-50 12.5
-45 12.5
-40 12.5
-35 12.5
-30 12.5
-25 12.5
-20 12.5
-15 12.5
-10 12.5
-5 12.5
0 12.5
5 12.5
10 12.5
15 12.5
20 12.5
25 12.5
30 12.5
35 12.5
40 12.5
45 12.5
50 12.5
55 12.5
60 12.5
65 12.5
70 12.5
75 12.5
80 12.5
85 12.5
90 12.5
95 12.5
100 12.5
105 12.5
110 12.5
115 12.5
120 12.5
125 12.5
130 12.5
135 12.5
140 12.5
145 12.5
150 12.5
155 12.5
160 12.5
165 12.5
170 12.5
175 12.5
-180 17.5
-175 17.5
-170 17.5
-165 17.5
-160 17.5
-155 17.5
-150 17.5
-145 17.5
-140 17.5
-135 17.5
-130 17.5
-125 17.5
-120 17.5
-115 17.5
-110 17.5
-105 17.5
-100 17.5
-95 17.5
-90 17.5
-85 17.5
-80 17.5
-75 17.5
-70 17.5
-65 17.5
-60 17.5
-55 17.5
-50 17.5
-45 17.5
-40 17.5
-35 17.5
-30 17.5
-25 17.5
-20 17.5
-15 17.5
-10 17.5
-5 17.5
0 17.5
5 17.5
10 17.5
15 17.5
20 17.5
25 17.5
30 17.5
35 17.5
40 17.5
45 17.5
50 17.5
55 17.5
60 17.5
65 17.5
70 17.5
75 17.5
80 17.5
85 17.5
90 17.5
95 17.5
100 17.5
105 17.5
110 17.5
115 17.5
120 17.5
125 17.5
130 17.5
135 17.5
140 17.5
145 17.5
150 17.5
155 17.5
160 17.5
165 17.5
170 17.5
175 17.5
-180 22.5
-175 22.5
-170 22.5
-165 22.5
-160 22.5
-155 22.5
-150 22.5
-145 22.5
-140 22.5
-135 22.5
-130 22.5
-125 22.5
-120 22.5
-115 22.5
-110 22.5
-105 22.5
-100 22.5
-95 22.5
-90 22.5
-85 22.5
-80 22.5
-75 22.5
-70 22.5
-65 22.5
-60 22.5
-55 22.5
-50 22.5
-45 22.5
-40 22.5
-35 22.5
-30 22.5
-25 22.5
-20 22.5
-15 22.5
-10 22.5
-5 22.5
0 22.5
5 22.5
10 22.5
15 22.5
20 22.5
25 22.5
30 22.5
35 22.5
40 22.5
45 22.5
50 22.5
55 22.5
60 22.5
65 22.5
70 22.5
75 22.5
80 22.5
85 22.5
90 22.5
95 22.5
100 22.5
105 22.5
110 22.5
115 22.5
120 22.5
125 22.5
130 22.5
135 22.5
140 22.5
145 22.5
150 22.5
155 22.5
160 22.5
165 22.5
170 22.5
175 22.5
-180 27.5
-175 27.5
-170 27.5
-165 27.5
-160 27.5
-155 27.5
-150 27.5
-145 27.5
-140 27.5
-135 27.5
-130 27.5
-125 27.5
-120 27.5
-115 27.5
-110 27.5
-105 27.5
-100 27.5
-95 27.5
-90 27.5
-85 27.5
-80 27.5
-75 27.5
-70 27.5
-65 27.5
-60 27.5
-55 27.5
-50 27.5
-45 27.5
-40 27.5
-35 27.5
-30 27.5
-25 27.5
-20 27.5
-15 27.5
-10 27.5
-5 27.5
0 27.5
5 27.5
10 27.5
15 27.5
20 27.5
25 27.5
30 27.5
35 27.5
40 27.5
45 27.5
50 27.5
55 27.5
60 27.5
65 27.5
70 27.5
75 27.5
80 27.5
85 27.5
90 27.5
95 27.5
100 27.5
105 27.5
110 27.5
115 27.5
120 27.5
125 27.5
130 27.5
135 27.5
140 27.5
145 27.5
150 27.5
155 27.5
160 27.5
165 27.5
170 27.5
175 27.5
-180 32.5
-175 32.5
-170 32.5
-165 32.5
-160 32.5
-155 32.5
-150 32.5
-145 32.5
-140 32.5
-135 32.5
-130 32.5
-125 32.5
-120 32.5
-115 32.5
-110 32.5
-105 32.5
-100 32.5
-95 32.5
-90 32.5
-85 32.5
-80 32.5
-75 32.5
-70 32.5
-65 32.5
-60 32.5
-55 32.5
-50 32.5
-45 32.5
-40 32.5
-35 32.5
-30 32.5
-25 32.5
-20 32.5
-15 32.5
-10 32.5
-5 32.5
0 32.5
5 32.5
10 32.5
15 32.5
20 32.5
25 32.5
30 32.5
35 32.5
40 32.5
45 32.5
50 32.5
55 32.5
60 32.5
65 32.5
70 32.5
75 32.5
80 32.5
85 32.5
90 32.5
95 32.5
100 32.5
105 32.5
110 32.5
115 32.5
120 32.5
125 32.5
130 32.5
135 32.5
140 32.5
145 32.5
150 32.5
155 32.5
160 32.5
165 32.5
170 32.5
175 32.5
-180 37.5
-175 37.5
-170 37.5
-165 37.5
-160 37.5
-155 37.5
-150 37.5
-145 37.5
-140 37.5
-135 37.5
-130 37.5
-125 37.5
-120 37.5
-115 37.5
-110 37.5
-105 37.5
-100 37.5
-95 37.5
-90 37.5
-85 37.5
-80 37.5
-75 37.5
-70 37.5
-65 37.5
-60 37.5
-55 37.5
-50 37.5
-45 37.5
-40 37.5
-35 37.5
-30 37.5
-25 37.5
-20 37.5
-15 37.5
-10 37.5
-5 37.5
0 37.5
5 37.5
10 37.5
15 37.5
20 37.5
25 37.5
30 37.5
35 37.5
40 37.5
45 37.5
50 37.5
55 37.5
60 37.5
65 37.5
70 37.5
75 37.5
80 37.5
85 37.5
90 37.5
95 37.5
100 37.5
105 37.5
110 37.5
115 37.5
120 37.5
125 37.5
130 37.5
135 37.5
140 37.5
145 37.5
150 37.5
155 37.5
160 37.5
165 37.5
170 37.5
175 37.5
-180 42.5
-175 42.5
-170 42.5
-165 42.5
-160 42.5
-155 42.5
-150 42.5
-145 42.5
-140 42.5
-135 42.5
-130 42.5
-125 42.5
-120 42.5
-115 42.5
-110 42.5
-105 42.5
-100 42.5
-95 42.5
-90 42.5
-85 42.5
-80 42.5
-75 42.5
-70 42.5
-65 42.5
-60 42.5
-55 42.5
-50 42.5
-45 42.5
-40 42.5
-35 42.5
-30 42.5
-25 42.5
-20 42.5
-15 42.5
-10 42.5
-5 42.5
0 42.5
5 42.5
10 42.5
15 42.5
20 42.5
25 42.5
30 42.5
35 42.5
40 42.5
45 42.5
50 42.5
55 42.5
60 42.5
65 42.5
70 42.5
75 42.5
80 42.5
85 42.5
90 42.5
95 42.5
100 42.5
105 42.5
110 42.5
115 42.5
120 42.5
125 42.5
130 42.5
135 42.5
140 42.5
145 42.5
150 42.5
155 42.5
160 42.5
165 42.5
170 42.5
175 42.5
-180 47.5
-175 47.5
-170 47.5
-165 47.5
-160 47.5
-155 47.5
-150 47.5
-145 47.5
-140 47.5
-135 47.5
-130 47.5
-125 47.5
-120 47.5
-115 47.5
-110 47.5
-105 47.5
-100 47.5
-95 47.5
-90 47.5
-85 47.5
-80 47.5
-75 47.5
-70 47.5
-65 47.5
-60 47.5
-55 47.5
-50 47.5
-45 47.5
-40 47.5
-35 47.5
-30 47.5
-25 47.5
-20 47.5
-15 47.5
-10 47.5
-5 47.5
0 47.5
5 47.5
10 47.5
15 47.5
20 47.5
25 47.5
30 47.5
35 47.5
40 47.5
45 47.5
50 47.5
55 47.5
60 47.5
65 47.5
70 47.5
75 47.5
80 47.5
85 47.5
90 47.5
95 47.5
100 47.5
105 47.5
110 47.5
115 47.5
120 47.5
125 47.5
130 47.5
135 47.5
140 47.5
145 47.5
150 47.5
155 47.5
160 47.5
165 47.5
170 47.5
175 47.5
-180 52.5
-175 52.5
-170 52.5
-165 52.5
-160 52.5
-155 52.5
-150 52.5
-145 52.5
-140 52.5
-135 52.5
-130 52.5
-125 52.5
-120 52.5
-115 52.5
-110 52.5
-105 52.5
-100 52.5
-95 52.5
-90 52.5
-85 52.5
-80 52.5
-75 52.5
-70 52.5
-65 52.5
-60 52.5
-55 52.5
-50 52.5
-45 52.5
-40 52.5
-35 52.5
-30 52.5
-25 52.5
-20 52.5
-15 52.5
-10 52.5
-5 52.5
0 52.5
5 52.5
10 52.5
15 52.5
20 52.5
25 52.5
30 52.5
35 52.5
40 52.5
45 52.5
50 52.5
55 52.5
60 52.5
65 52.5
70 52.5
75 52.5
80 52.5
85 52.5
90 52.5
95 52.5
100 52.5
105 52.5
110 52.5
115 52.5
120 52.5
125 52.5
130 52.5
135 52.5
140 52.5
145 52.5
150 52.5
155 52.5
160 52.5
165 52.5
170 52.5
175 52.5
-180 57.5
-175 57.5
-170 57.5
-165 57.5
-160 57.5
-155 57.5
-150 57.5
-145 57.5
-140 57.5
-135 57.5
-130 57.5
-125 57.5
-120 57.5
-115 57.5
-110 57.5
-105 57.5
-100 57.5
-95 57.5
-90 57.5
-85 57.5
-80 57.5
-75 57.5
-70 57.5
-65 57.5
-60 57.5
-55 57.5
-50 57.5
-45 57.5
-40 57.5
-35 57.5
-30 57.5
-25 57.5
-20 57.5
-15 57.5
-10 57.5
-5 57.5
0 57.5
5 57.5
10 57.5
15 57.5
20 57.5
25 57.5
30 57.5
35 57.5
40 57.5
45 57.5
50 57.5
55 57.5
60 57.5
65 57.5
70 57.5
75 57.5
80 57.5
85 57.5
90 57.5
95 57.5
100 57.5
105 57.5
110 57.5
115 57.5
120 57.5
125 57.5
130 57.5
135 57.5
140 57.5
145 57.5
150 57.5
155 57.5
160 57.5
165 57.5
170 57.5
175 57.5
-180 62.5
-175 62.5
-170 62.5
-165 62.5
-160 62.5
-155 62.5
-150 62.5
-145 62.5
-140 62.5
-135 62.5
-130 62.5
-125 62.5
-120 62.5
-115 62.5
-110 62.5
-105 62.5
-100 62.5
-95 62.5
-90 62.5
-85 62.5
-80 62.5
-75 62.5
-70 62.5
-65 62.5
-60 62.5
-55 62.5
-50 62.5
-45 62.5
-40 62.5
-35 62.5
-30 62.5
-25 62.5
-20 62.5
-15 62.5
-10 62.5
-5 62.5
0 62.5
5 62.5
10 62.5
15 62.5
20 62.5
25 62.5
30 62.5
35 62.5
40 62.5
45 62.5
50 62.5
55 62.5
60 62.5
65 62.5
70 62.5
75 62.5
80 62.5
85 62.5
90 62.5
95 62.5
100 62.5
105 62.5
110 62.5
115 62.5
120 62.5
125 62.5
130 62.5
135 62.5
140 62.5
145 62.5
150 62.5
155 62.5
160 62.5
165 62.5
170 62.5
175 62.5
-180 67.5
-175 67.5
-170 67.5
-165 67.5
-160 67.5
-155 67.5
-150 67.5
-145 67.5
-140 67.5
-135 67.5
-130 67.5
-125 67.5
-120 67.5
-115 67.5
-110 67.5
-105 67.5
-100 67.5
-95 67.5
-90 67.5
-85 67.5
-80 67.5
-75 67.5
-70 67.5
-65 67.5
-60 67.5
-55 67.5
-50 67.5
-45 67.5
-40 67.5
-35 67.5
-30 67.5
-25 67.5
-20 67.5
-15 67.5
-10 67.5
-5 67.5
0 67.5
5 67.5
10 67.5
15 67.5
20 67.5
25 67.5
30 67.5
35 67.5
40 67.5
45 67.5
50 67.5
55 67.5
60 67.5
65 67.5
70 67.5
75 67.5
80 67.5
85 67.5
90 67.5
95 67.5
100 67.5
105 67.5
110 67.5
115 67.5
120 67.5
125 67.5
130 67.5
135 67.5
140 67.5
145 67.5
150 67.5
155 67.5
160 67.5
165 67.5
170 67.5
175 67.5
-180 72.5
-175 72.5
-170 72.5
-165 72.5
-160 72.5
-155 72.5
-150 72.5
-145 72.5
-140 72.5
-135 72.5
-130 72.5
-125 72.5
-120 72.5
-115 72.5
-110 72.5
-105 72.5
-100 72.5
-95 72.5
-90 72.5
-85 72.5
-80 72.5
-75 72.5
-70 72.5
-65 72.5
-60 72.5
-55 72.5
-50 72.5
-45 72.5
-40 72.5
-35 72.5
-30 72.5
-25 72.5
-20 72.5
-15 72.5
-10 72.5
-5 72.5
0 72.5
5 72.5
10 72.5
15 72.5
20 72.5
25 72.5
30 72.5
35 72.5
40 72.5
45 72.5
50 72.5
55 72.5
60 72.5
65 72.5
70 72.5
75 72.5
80 72.5
85 72.5
90 72.5
95 72.5
100 72.5
105 72.5
110 72.5
115 72.5
120 72.5
125 72.5
130 72.5
135 72.5
140 72.5
145 72.5
150 72.5
155 72.5
160 72.5
165 72.5
170 72.5
175 72.5
-180 77.5
-175 77.5
-170 77.5
-165 77.5
-160 77.5
-155 77.5
-150 77.5
-145 77.5
-140 77.5
-135 77.5
-130 77.5
-125 77.5
-120 77.5
-115 77.5
-110 77.5
-105 77.5
-100 77.5
-95 77.5
-90 77.5
-85 77.5
-80 77.5
-75 77.5
-70 77.5
-65 77.5
-60 77.5
-55 77.5
-50 77.5
-45 77.5
-40 77.5
-35 77.5
-30 77.5
-25 77.5
-20 77.5
-15 77.5
-10 77.5
-5 77.5
0 77.5
5 77.5
10 77.5
15 77.5
20 77.5
25 77.5
30 77.5
35 77.5
40 77.5
45 77.5
50 77.5
55 77.5
60 77.5
65 77.5
70 77.5
75 77.5
80 77.5
85 77.5
90 77.5
95 77.5
100 77.5
105 77.5
110 77.5
115 77.5
120 77.5
125 77.5
130 77.5
135 77.5
140 77.5
145 77.5
150 77.5
155 77.5
160 77.5
165 77.5
170 77.5
175 77.5
-180 82.5
-175 82.5
-170 82.5
-165 82.5
-160 82.5
-155 82.5
-150 82.5
-145 82.5
-140 82.5
-135 82.5
-130 82.5
-125 82.5
-120 82.5
-115 82.5
-110 82.5
-105 82.5
-100 82.5
-95 82.5
-90 82.5
-85 82.5
-80 82.5
-75 82.5
-70 82.5
-65 82.5
-60 82.5
-55 82.5
-50 82.5
-45 82.5
-40 82.5
-35 82.5
-30 82.5
-25 82.5
-20 82.5
-15 82.5
-10 82.5
-5 82.5
0 82.5
5 82.5
10 82.5
15 82.5
20 82.5
25 82.5
30 82.5
35 82.5
40 82.5
45 82.5
50 82.5
55 82.5
60 82.5
65 82.5
70 82.5
75 82.5
80 82.5
85 82.5
90 82.5
95 82.5
100 82.5
105 82.5
110 82.5
115 82.5
120 82.5
125 82.5
130 82.5
135 82.5
140 82.5
145 82.5
150 82.5
155 82.5
160 82.5
165 82.5
170 82.5
175 82.5
-180 87.5
-175 87.5
-170 87.5
-165 87.5
-160 87.5
-155 87.5
-150 87.5
-145 87.5
-140 87.5
-135 87.5
-130 87.5
-125 87.5
-120 87.5
-115 87.5
-110 87.5
-105 87.5
-100 87.5
-95 87.5
-90 87.5
-85 87.5
-80 87.5
-75 87.5
-70 87.5
-65 87.5
-60 87.5
-55 87.5
-50 87.5
-45 87.5
-40 87.5
-35 87.5
-30 87.5
-25 87.5
-20 87.5
-15 87.5
-10 87.5
-5 87.5
0 87.5
5 87.5
10 87.5
15 87.5
20 87.5
25 87.5
30 87.5
35 87.5
40 87.5
45 87.5
50 87.5
55 87.5
60 87.5
65 87.5
70 87.5
75 87.5
80 87.5
85 87.5
90 87.5
95 87.5
100 87.5
105 87.5
110 87.5
115 87.5
120 87.5
125 87.5
130 87.5
135 87.5
140 87.5
145 87.5
150 87.5
155 87.5
160 87.5
165 87.5
170 87.5
175 87.5
