26.0919 -18.3741
29.4840 -25.3828
28.8177 -33.0428
23.3401 -39.3295
13.8819 -42.1050
3.9882 -40.2078
357.5859 -34.4490
356.0130 -26.8868
358.6977 -19.6107
4.5101 -14.3068
12.0836 -12.1459
19.8196 -13.6112
49.2725 1.1284
60.4163 -16.8723
65.3913 -37.5027
59.8415 -58.2798
19.5719 -71.9751
329.6224 -61.9838
320.2763 -41.6480
323.8110 -20.7701
333.8046 -2.0665
349.7295 11.8744
10.6822 17.8222
32.2062 13.7659
72.7682 20.4464
88.1706 -4.2464
100.8671 -30.6109
117.7193 -57.0923
179.5913 -77.5686
262.6438 -62.0697
282.2164 -35.8289
295.0169 -9.3223
309.4623 15.8531
331.6681 37.1219
8.6434 47.7757
48.0831 40.3521
102.2164 35.8289
115.0169 9.3223
129.4623 -15.8531
151.6681 -37.1219
188.6434 -47.7757
228.0831 -40.3521
252.7682 -20.4464
268.1706 4.2464
280.8671 30.6109
297.7193 57.0923
359.5913 77.5686
82.6438 62.0697
140.2763 41.6480
143.8110 20.7701
153.8046 2.0665
169.7295 -11.8744
190.6822 -17.8222
212.2062 -13.7659
229.2725 -1.1284
240.4163 16.8723
245.3913 37.5027
239.8415 58.2798
199.5719 71.9751
149.6224 61.9838
177.5859 34.4490
176.0130 26.8868
178.6977 19.6107
184.5101 14.3068
192.0836 12.1459
199.8196 13.6112
206.0919 18.3741
209.4840 25.3828
208.8177 33.0428
203.3401 39.3295
193.8819 42.1050
183.9882 40.2078
