-180 0
-165 0
-150 0
-135 0
-120 0
-105 0
-90 0
-75 0
-60 0
-45 0
-30 0
-15 0
0 0
15 0
30 0
45 0
60 0
75 0
90 0
105 0
120 0
135 0
150 0
165 0
180 0
-172.5 15
-157.5 15
-142.5 15
-127.5 15
-112.5 15
-97.5 15
-82.5 15
-67.5 15
-52.5 15
-37.5 15
-22.5 15
-7.5 15
7.5 15
22.5 15
37.5 15
52.5 15
67.5 15
82.5 15
97.5 15
112.5 15
127.5 15
142.5 15
157.5 15
172.5 15
-172.5 -15
-157.5 -15
-142.5 -15
-127.5 -15
-112.5 -15
-97.5 -15
-82.5 -15
-67.5 -15
-52.5 -15
-37.5 -15
-22.5 -15
-7.5 -15
7.5 -15
22.5 -15
37.5 -15
52.5 -15
67.5 -15
82.5 -15
97.5 -15
112.5 -15
127.5 -15
142.5 -15
157.5 -15
172.5 -15
