15.189012685163743	-25.74999727084363	
15.315588097600035	-25.935898088694913	
15.424066782492968	-26.130924572365192	
15.513558268477768	-26.33363652305972	
15.583299926680393	-26.542529875028603	
15.63266477001436	-26.75604688961307	
15.661168723547071	-26.972586912825733	
15.668477264701274	-27.19051765515688	
15.654411318243861	-27.408186945226632	
15.618952278086248	-27.623934900505084	
15.562246016854624	-27.83610644862341	
15.484605736068104	-28.04306412191815	
15.386513505722206	-28.243201036022832	
15.268620343231733	-28.434953950895256	
15.131744689054745	-28.61681630011347	
14.976869150714876	-28.787351062164095	
14.80513540888429	-28.94520333644413	
14.61783720881683	-29.089112477521045	
14.416411397398003	-29.217923634577694	
14.202427009556914	-29.33059853960932	
13.977572456388186	-29.42622538845241	
13.743640919186172	-29.50402766357942	
13.502514106411232	-29.563371757072353	
13.256144581816368	-29.603773266337562	
13.006536918873275	-29.624901853739694	
12.755727976644788	-29.626584583943025	
12.50576662303529	-29.608807678637724	
12.258693251072808	-29.571716656569702	
12.016519441332461	-29.515614856302975	
11.781208118342471	-29.440960368756407	
11.554654531144575	-29.348361435097452	
11.338668359191963	-29.238570391942698	
11.13495720619882	-29.112476269049605	
10.945111698656357	-28.971096164029845	
10.770592355072056	-28.81556553355858	
10.612718339259677	-28.647127550842445	
10.472658158813749	-28.467121684748978	
10.351422320590757	-28.27697165723348	
10.24985791054249	-28.078172932968535	
10.168645027071296	-27.87227988897795	
10.108294966142152	-27.660892803290345	
10.069150033111534	-27.445644790888277	
10.051384840560875	-27.228188803261258	
10.055008942891654	-27.010184795349247	
10.079870656278091	-26.793287151177836	
10.125661915793751	-26.57913244752725	
10.191924029025738	-26.369327623912426	
10.278054196126565	-26.16543861723685	
10.383312678933512	-25.96897951085608	
10.506830515509701	-25.781402240487537	
10.647617690368298	-25.604086893384274	
10.804571684031105	-25.438332632336696	
10.976486337913803	-25.285349272215615	
11.162060981460622	-25.146249533729964	
11.359909777763725	-25.0220419966383	
11.568571251529972	-24.913624772624555	
11.786517969245818	-24.82177991623984	
12.012166345877215	-24.747168590565487	
12.243886555624604	-24.690327002441744	
12.480012526370516	-24.651663120144715	
12.718851998756996	-24.631454184230364	
12.958696631551037	-24.629845019886062	
13.197832135305884	-24.646847156557705	
13.434548416467765	-24.682338757899327	
13.667149714115453	-24.73606536228891	
13.893964711494103	-24.807641431343708	
14.113356604386977	-24.896552701128503	
14.323733108064882	-25.002159328147552	
14.523556383910247	-25.1236998197973	
14.711352865629351	-25.26029573675594	
14.885722963007902	-25.41095715279143	
15.04535061818356	-25.57458885563831	
19.68899129131712	-22.887915652981842	
20.079848272054416	-23.43245711226809	
20.42108591932483	-24.005222959576063	
20.709754259173188	-24.602256109902847	
20.94314816527507	-25.219389684103703	
21.118831137372865	-25.852266365043025	
21.23466195234539	-26.49635913065139	
21.288824510265403	-27.14699363831867	
21.27986103075882	-27.79937258831445	
21.20670852751662	-28.44860243136868	
21.06873819888398	-29.08972280048628	
20.86579702244922	-29.717739032430117	
20.59825044026703	-30.327658093065573	
20.2670245860166	-30.914528126659352	
19.87364606343142	-31.473481707759596	
19.420276875177276	-31.999782683926878	
18.90974177172483	-32.48887626115283	
18.345545096710925	-32.93644170974069	
17.731874206484544	-33.33844677172755	
17.0735867878781	-33.691202553331166	
16.376179923413744	-33.99141741496935	
15.645739562807487	-34.23624815829013	
14.888870122575135	-34.42334668556755	
14.112605179649732	-34.550900298426725	
13.324301540199698	-34.617663927413254	
12.531520214787133	-34.62298284503987	
11.741898871376616	-34.56680480011962	
10.963021039604124	-34.449680991854535	
10.202287612225424	-34.27275583657603	
9.466795996693953	-34.03774601886114	
8.763231636969731	-33.74690981197386	
8.097775635346673	-33.40300805671595	
7.4760309801591225	-33.009258471682145	
6.902968570990304	-32.569285116232294	
6.382892967812157	-32.08706484117108	
5.919426689949237	-31.56687245632638	
5.51551103399201	-31.013226144323408	
5.1734208049343255	-30.430834386626664	
4.894790062051814	-29.8245453728248	
4.680645940779482	-29.199299565548788	
4.531447775391782	-28.560085814178635	
4.4471290574612805	-27.911901166782005	
4.4271401650581295	-27.259714331067112	
4.470490237175655	-26.6084325852251	
4.575787006609873	-25.96287183750896	
4.741273813187933	-25.32772947516257	
4.964863378942002	-24.707559622841465	
5.244168227453441	-24.106750441008565	
5.576527867801235	-23.52950312883519	
5.959033040743423	-22.97981234711715	
6.388547445370746	-22.461447838468082	
6.861727434611708	-21.97793708914868	
7.37504019450855	-21.532548944657567	
7.924780912178879	-21.128278155697014	
8.507089397772472	-20.767830889067696	
9.117966563254479	-20.453611286825044	
9.753291081997775	-20.187709194670152	
10.408836464251333	-19.971889205722988	
11.080288690671946	-19.807581177880472	
11.763264455116351	-19.695872381932183	
12.453329984276019	-19.63750142423046	
13.146020330441322	-19.632854063402846	
13.836858978899338	-19.681961007389027	
14.521377576424268	-19.78449773753435	
15.195135574082286	-19.93978636350966	
15.853739586925666	-20.146799469589993	
16.492862304541823	-20.40416587246747	
17.10826083799587	-20.710178176276987	
17.695794457423034	-21.06280198450591	
18.251441756348957	-21.459686613074616	
18.771317368911344	-21.898177145640002	
19.251688459119208	-22.375327681946157	
23.999260739517023	-19.904542795195148	
24.66227326948726	-20.789990036957317	
25.249906647475388	-21.723011274958857	
25.75726925421859	-22.69759730218533	
26.179672854699593	-23.707409749084963	
26.512644417544124	-24.745796574973802	
26.751946625845342	-25.805806518211966	
26.893609869512634	-26.8802032760083	
26.933978534977978	-27.961480503556007	
26.869774279057708	-29.041879052038	
26.69817862157725	-30.11340819287664	
26.41693653052587	-31.167872880166858	
26.024481607709635	-32.19690935211661	
25.520081918955285	-33.19203151976263	
24.904003384927133	-34.14469057761428	
24.17768495302305	-35.04635002545094	
23.34391661086732	-35.88857773904557	
22.40700793352206	-36.66315580653483	
21.37293172065268	-37.362207524401846	
20.24942499935022	-37.97833924749392	
19.04602898468084	-38.50479281784149	
17.77405122411003	-38.935602260550084	
16.446437595155132	-39.265746625288585	
15.0775491056241	-39.49128961624397	
13.682847946986882	-39.609496324863684	
12.278507686006106	-39.618918188825425	
10.880972076820605	-39.51943929245065	
9.506493879206444	-39.31228011099486	
8.170687837552023	-38.9999583792107	
6.88813000940745	-38.5862103918103	
5.672029359322295	-38.075879166835165	
4.533988274457506	-37.47477808672406	
3.48385823361039	-36.789539648281355	
2.529687089612661	-36.027458808518006	
1.677746697810551	-35.19633931229144	
0.9326246757327801	-34.30434965165879	
0.2973619847453938	-33.35989328640512	
359.77361835576835	-32.371495756726915	
359.3618496403995	-31.3477095626203	
359.0614842059305	-30.297036292897197	
358.871088857867	-29.22786449734114	
358.7885179927033	-28.14842118417142	
358.8110424706056	-27.066734531910278	
358.9354569258395	-25.990605356366586	
359.158165890669	-24.927584997696027	
359.4752502540426	-23.884957527521884	
359.8825163001666	-22.8697244737119	
0.37552997105040753	-21.88859058601784	
0.9496391592972366	-20.94794949639737	
1.599986834339183	-20.053868449238912	
2.321517690161489	-19.21207158062276	
3.1089808116430593	-18.427921507360697	
3.956930612579561	-17.70639924258332	
4.859728014093955	-17.052082682035888	
5.811543514417529	-16.469124100448056	
6.806363454507446	-15.96122725611208	
7.838000413722431	-15.53162481944757	
8.900108283449667	-15.183056913308672	
9.986202175521276	-14.917751575523123	
11.089682941703746	-14.737407925898738	
12.203865728776467	-14.643182741571719	
13.322011690472628	-14.635681020140218	
14.437361741865457	-14.714950946898826	
15.543171089630615	-14.88048349110906	
16.63274321384687	-15.131216649435965	
17.699462017832325	-15.4655441466281	
18.736820998964088	-15.881328208503586	
19.738448515709457	-16.37591585347178	
20.69812851897353	-16.946158017085665	
21.609816460671542	-17.588430737417077	
22.46765046938785	-18.298657591990814	
23.26595827341277	-19.072332590998002	
28.147384912268894	-16.821289440788583	
29.08358890917162	-18.030198480079385	
29.923543466786576	-19.30538054657332	
30.660960538995404	-20.639165937499257	
31.289624840598655	-22.023505786792757	
31.803351459521213	-23.44997743916577	
32.195953657913975	-24.909782100133246	
32.46122686925	-26.393735540031276	
32.59295583468467	-27.892253215920054	
32.58495287669623	-29.395331868730956	
32.431136383833696	-30.89253048623669	
32.12565947745272	-32.37295451998923	
31.66309920936819	-33.825248409862745	
31.038715982374768	-35.2376027660246	
30.248790487391126	-36.597783880418454	
29.29104045411404	-37.89319438521339	
28.16511104705736	-39.11097451509773	
26.873120215844295	-40.23815309998671	
25.420223889112357	-41.26185555162903	
23.815147099115592	-42.16957215921759	
22.070609336832057	-42.94948363806681	
20.2035610291994	-43.59083224356957	
18.235149486725064	-44.08431681249081	
16.190352535582765	-44.422480669002695	
14.097257971353132	-44.60005495141678	
11.986022082813761	-44.614219096087496	
9.88759893237972	-44.464746493846135	
7.83237794881281	-44.154016382281284	
5.848886599440045	-43.68689039538083	
3.962701223754926	-43.070469918872014	
2.1956669916815126	-42.3137644227089	
0.5654705129260451	-41.427308474955446	
359.0855519195227	-40.422765481387884	
357.76530014221584	-39.31255060871623	
356.6104517324068	-38.10949625948577	
355.62360927176127	-36.826573451452674	
354.80480506743686	-35.47667350216579	
354.1520529479653	-34.07244762767161	
353.6618499023152	-32.626197711404046	
353.3296062911394	-31.14980931259359	
353.1499965967014	-29.654717430245565	
353.1172318159141	-28.151896047325106	
353.22526013794396	-26.651863565080465	
353.4679053308996	-25.164697546862598	
353.8389531643211	-23.700053501307558	
354.3321959527592	-22.267183626988913	
354.9414444695234	-20.87495246781859	
355.6605154170482	-19.531847288713717	
356.4832015725729	-18.245981696439788	
357.40323076759734	-17.025091632654824	
358.41421904485287	-15.876523386804696	
359.5096226573544	-14.807213742097138	
0.6826929923093333	-13.82366279629044	
1.926437966602812	-12.931900398538586	
3.2335928962700224	-12.137447511982273	
4.596603242783464	-11.445274137876732	
6.007620951647237	-10.859755702266533	
7.458515311874615	-10.384629987805193	
8.940898390966085	-10.022956768251042	
10.446164176446622	-9.777082252589503	
11.965539640837408	-9.648610259275616	
13.490145115229888	-9.638381720361654	
15.011060683960135	-9.746463675687403	
16.519394867019194	-9.972148387776128	
18.00635168523692	-10.313962628383956	
19.463292324705765	-10.769686603864239	
20.88178801806253	-11.336381445221857	
22.2536613981415	-12.010423731189187	
23.57101438912815	-12.787545169896568	
24.826241605747047	-13.662875354567667	
26.012029157681322	-14.630985435057832	
27.121339642292554	-15.685930601464621	
32.16097450958753	-13.65756150011641	
33.36605923331917	-15.173165198186272	
34.45789113661656	-16.772367390568277	
35.429586236488404	-18.44613117204068	
36.274187640312896	-20.185080953427182	
36.98453297191193	-21.979498254067654	
37.553125938866714	-23.81930024105883	
37.972018983464714	-25.69400116152802	
38.23271573142747	-27.592657296493694	
38.32610464484745	-29.5037966999836	
38.24243907980371	-31.415335907680987	
37.971383936314076	-33.31448717349733	
37.50215515213282	-35.18766181923892	
36.823784903955996	-37.02037817246462	
35.92555128599115	-38.797186492574006	
34.79761404448473	-40.50162827683818	
33.43189371540612	-42.11625311292581	
31.823214619228086	-43.62272194718399	
29.97069601861297	-45.00202954528236	
27.87931512560436	-46.234878251663304	
25.561481358071966	-47.30222627531918	
23.03836653251179	-48.18601317951859	
20.340661236165406	-48.870031830658306	
17.508418810600777	-49.34087358794138	
14.589748140820271	-49.58883268700267	
11.638335243799467	-49.60863263700756	
8.71006321611595	-49.39984703852947	
5.859257505724786	-48.966934397593235	
3.1351979320556085	-48.31888007785435	
0.5794569644028267	-47.46851443573003	
358.22438394931504	-46.43162917020422	
356.0927625823135	-45.22603006487804	
354.1984326244624	-43.870645912058286	
352.54754588055295	-42.38477441112106	
351.1401190962074	-40.787502684881765	
349.9716130191685	-39.09730461811227	
349.03436078568313	-37.33179442993407	
348.3187562740543	-35.5076052134418	
347.8141780940306	-33.64035936098854	
347.5096649793141	-31.74470113864331	
347.3943780960775	-29.834367217401386	
347.45789175461425	-27.922276812734776	
347.6903520890937	-26.020628243594768	
348.08253768964585	-24.140992835058626	
348.6258495651509	-22.294400147543055	
349.31225160316086	-20.49141067657611	
350.1341775035104	-18.74217363908165	
351.0844161646313	-17.056468448099498	
352.1559846304161	-15.44372915184122	
353.3419957893885	-13.913051613696085	
354.63552684877163	-12.473183641956977	
356.02949396985207	-11.132498715436686	
357.51653813971035	-9.898954439197764	
359.0889271699102	-8.780037421555868	
0.738478471625736	-7.782696880847621	
2.4565067985435713	-6.913269933813371	
4.233800350316659	-6.17740212928864	
6.06062742143332	-5.579967296376051	
7.9267741654431525	-5.124991092975745	
9.821612106508814	-4.815582691797813	
11.734191932641933	-4.653878770882291	
13.65335807206923	-4.641003363145346	
15.567876836585226	-4.777046187726437	
17.4665697451381	-5.061060904105891	
19.338443184002582	-5.491083405865682	
21.17280588356407	-6.064168935181025	
22.95936674851816	-6.776445584162195	
24.688307216675312	-7.623180768052304	
26.350324317986505	-8.598856584658485	
27.936642709125085	-9.69724964549267	
29.43899593822463	-10.911510963009693	
30.84957887343831	-12.23424175426789	
36.06722172118832	-10.431067034006908	
37.53270700248328	-12.237482035576944	
38.870793621685095	-14.142887514969267	
40.07492126723725	-16.137075228810765	
41.138348508731916	-18.209632525402338	
42.05391195038289	-20.349932434332597	
42.813778678236204	-22.547096680328064	
43.40919547409977	-24.789931075047228	
43.83023943373783	-27.066832581141437	
44.06557747319699	-29.36566717879393	
44.10224744083781	-31.673617686552344	
43.92548211686065	-33.97700117876021	
43.51861045809344	-36.261057026499635	
42.86308930744194	-38.509709496571105	
41.93874433167662	-40.70531416272722	
40.7243306014283	-42.82840626770197	
39.1985567880551	-44.85748288243776	
37.34174107016587	-46.76887008937248	
35.13825845838434	-48.53675074488074	
32.57986062002693	-50.133453301136264	
29.669753454767772	-51.53011704443776	
26.426973791126716	-52.69783540167557	
22.890153208993475	-53.609313687526715	
19.119365160559756	-54.24094677152499	
15.194727119237044	-54.57504358736349	
11.211059135138413	-54.60176648949011	
7.269154042884595	-54.32031360151861	
3.4655597423984887	-53.73901851325459	
359.8834254139348	-52.874338641092535	
356.58649426374257	-51.74901451986806	
353.6170455819326	-50.389860499812094	
350.9972679598699	-48.82563698646772	
348.73279245506745	-47.0853087740168	
346.8170417205129	-45.19681265475873	
345.23540383820495	-43.186315809441595	
343.9686989278645	-41.07787030309896	
342.99577513196334	-38.89334802616873	
342.29529088917775	-36.6525518955384	
341.8468359075755	-34.37342329469955	
341.63156066811126	-32.07229061541428	
341.632463743718	-29.764124120287295	
341.8344532114686	-27.462776997450565	
342.22426600853464	-25.181202108383797	
342.79030237571305	-22.93163977675253	
343.5224125576581	-20.725775219118265	
344.41165894241897	-18.574865814502797	
345.4500675692436	-16.48983901950338	
346.63037719902843	-14.481361814781627	
347.94579093952086	-12.559882421037079	
349.3897340038872	-10.735644851662657	
350.95562100664046	-9.018676814826607	
352.6366368425042	-7.418751636577301	
354.42553629515197	-5.945325311459534	
356.3144687479543	-4.607450525959122	
358.29483537814434	-3.4136705290778178	
0.35718666708671004	-2.371896979179894	
2.491167637371084	-1.4892772562476149	
4.685516697672363	-0.7720580192915321	
6.928121251942571	-0.22545279709798755	
9.20612943226876	0.1464780937392847	
11.50611280392546	0.34092719207282396	
13.814270238236935	0.35641196056184726	
16.116659048521196	0.19281389702444557	
18.399436614366042	-0.1486183077387676	
20.64909458421101	-0.6653018098788978	
22.852668551303733	-1.3533863117866904	
24.99790869740212	-2.207849411724546	
27.073400831919013	-3.222613717429917	
29.068631862815177	-4.3906777228257186	
30.973998316662588	-5.704252132039245	
32.780760478088524	-7.154893713356557	
34.48094764375957	-8.733629702705036	
39.89271252511005	-7.158146815887404	
41.606815352770276	-9.24044522740958	
43.18133396293742	-11.434770504513821	
44.61097691736246	-13.729859013781901	
45.890221595312575	-16.114462119503806	
47.01296729437865	-18.5773334357725	
47.97217280333931	-21.107181264455644	
48.759474190903624	-23.69258579143672	
49.36477709896741	-26.32187943571412	
49.775817941395104	-28.982987222209026	
49.977690967448765	-31.663222287576392	
49.95234471284865	-34.34902980672471	
49.678064597952336	-37.025671089542904	
49.12898268044186	-39.67683902300406	
48.27469744643446	-42.284197729854185	
47.080155146790176	-44.82684566310181	
45.5060497864528	-47.28071641236862	
43.510146952643304	-49.61796153134205	
41.0501122972624	-51.806412873122056	
38.08856083365128	-53.809305195312405	
34.60096859740704	-55.58554940080857	
30.586501960138367	-57.09094883933573	
26.08039051915782	-58.28075743608595	
21.164243984016203	-59.113748534713935	
15.96878019931037	-59.55739392339109	
10.664018751167479	-59.59297406379824	
5.436708010452182	-59.21894273758122	
0.4616622641268497	-58.45121903806692	
355.87748164757846	-57.32028407154211	
351.7743672106925	-55.86624917314934	
348.1949592984539	-54.13358340889467	
345.14376853036674	-52.16680343175833	
342.59951856481257	-50.007655007226354	
340.5263948133275	-47.69369083035149	
338.8824839421632	-45.257864476299915	
337.6252796692598	-42.72873668148308	
336.7148418289485	-40.13098376469858	
336.1153337443022	-37.48600994796737	
335.7955481297442	-34.812553964619525	
335.7288560641267	-32.127238352482514	
335.89285871767623	-29.445043248120026	
336.26890867438516	-26.779703628825658	
336.84159339064865	-24.144036455201338	
337.59822754860687	-21.550206458169708	
338.5283743133396	-19.009939015503555	
339.6234007305348	-16.5346871296382	
340.8760650139333	-14.135757714662667	
342.2801303578567	-11.824400612677143	
343.82999945258786	-9.61186218603945	
345.5203651077284	-7.509404087995162	
347.3458747573544	-5.528286989077919	
349.30080979506033	-3.679718717585645	
351.37878438218854	-1.9747665463881343	
353.5724722436612	-0.4242342969704942	
355.8733735375537	0.9614934378590426	
358.2716365332504	2.1726353840530783	
0.7559498369381158	3.2002186921086424	
3.313519571702084	4.036294889091241	
5.9301417915259105	4.67415394208154	
8.590373475885707	5.108521969171294	
11.277796328998052	5.335727747110915	
13.975357556685902	5.353824470107107	
16.665762537494125	5.162656283080556	
19.331887642940632	4.763863667291094	
21.95717878951037	4.160827192964338	
24.52600320216311	3.3585546638610513	
27.023927922836666	2.363521436633821	
29.43790752902928	1.1834770531325427	
31.75637357243663	-0.1727670619030737	
33.96922763731578	-1.6955541985912703	
36.067747291962064	-3.374590146677345	
38.04441883442289	-5.199131518480779	
43.663429370591125	-3.8541098851128566	
45.611647862549255	-6.198289823964076	
47.40932595071074	-8.664865982372527	
49.053355369543695	-11.241581646466985	
50.54039441951407	-13.916484267807876	
51.866434325784375	-16.677908246255257	
53.02635057403604	-19.51441879546109	
54.01342486415839	-22.414717970510374	
54.81881815972241	-25.367511678453454	
55.43097047513667	-28.36133358418926	
55.83489866558216	-31.384318178357688	
56.01136036703977	-34.423910726580544	
55.93585254203018	-37.46649618160882	
55.57742168952838	-40.496922328655806	
54.89728973619728	-43.49788478710323	
53.84736460122318	-46.44913448419266	
52.36884367044479	-49.32646599929508	
50.39139329464519	-52.10045763034027	
47.833886148601465	-54.73498209637442	
44.608480584697894	-57.18562947701957	
40.6308525050461	-59.39844003011426	
35.84000683891155	-61.30978304797901	
30.229496164851632	-62.84876294100819	
23.885173718401525	-63.943748628353426	
17.01226660731845	-64.53358579629302	
9.925770787239975	-64.58110469246525	
2.9910306610909916	-64.0831681779824	
356.5372554597108	-63.071584361938946	
350.7907082725204	-61.60431944945554	
345.85661790635953	-59.75211166366698	
341.7417867878187	-57.58658525233433	
338.3921113885173	-55.17289396739833	
335.7255668049988	-52.5667097981096	
333.65396406634136	-49.81402037243395	
332.0945941133142	-46.95227290013649	
330.97514061539533	-44.01193591230782	
330.2348400112791	-41.018018923934356	
329.8238417224514	-37.991375539779135	
329.70186609491196	-34.94975664894844	
329.8367106145852	-31.908637918145136	
330.2028482666207	-28.88186248858252	
330.78020443175757	-25.882139166311322	
331.5531240915665	-22.921429808990563	
332.5095093517434	-20.01125192123347	
333.6400964362591	-17.162915471373637	
334.9378400166044	-14.387707101651745	
336.3973754747808	-11.697030180972655	
338.01453394188934	-9.102505361172744	
339.78588973293427	-6.616033270785724	
341.70832489823704	-4.249818611619225	
343.7786011588792	-2.01635320150649	
345.9929357073383	0.07164548696383247	
348.34658436637363	2.001343846196897	
350.83344329016535	3.759952275251619	
353.44568824402717	5.334936230536124	
356.17347749764417	6.71427482741566	
359.00474901715404	7.886758753347043	
1.9251431817952755	8.842313587799163	
4.918077102587022	9.572328993381285	
7.964985023285369	10.069969770356783	
11.045721925920217	10.330442677546763	
14.13910680352092	10.351194210714908	
17.223562056216373	10.132019593755455	
20.277790609035815	9.675071629005672	
23.281426295201722	8.984768470308325	
26.215597352387665	8.06760997032893	
29.063356432384076	6.931921108493688	
31.809949957885358	5.587546702433343	
34.44292052031909	4.045523539350892	
36.952054165942606	2.317754499168817	
39.32919710713934	0.41670509497899744	
41.56797263720103	-1.6448626609256203	
47.404877666433045	-0.5335654920394546	
49.57032859978765	-3.1264447609369665	
51.57497473919664	-5.849197497177282	
53.41874423435754	-8.688612032169186	
55.10134248526172	-11.632121359331089	
56.6217633820047	-14.667773523097605	
57.97780003595011	-17.78416336564152	
59.16553036175953	-20.970329535372503	
60.17874488408772	-24.21561748136489	
61.00827470992431	-27.50950532701279	
61.64116534027887	-30.841384762546852	
62.05962543876897	-34.20028289307306	
62.23965753656313	-37.5745024737017	
62.14924958566475	-40.95114587011445	
61.745975114161816	-44.315470575408405	
60.97382734991831	-47.64999886781032	
59.759134333900285	-50.93326906293885	
58.005560052452594	-54.138071566006445	
55.588713019689635	-57.228971858793415	
52.35224350270043	-60.15893210974579	
48.11040392083737	-62.865041450658936	
42.66786579976487	-65.26407761457403	
35.87475306498386	-67.25039130629692	
27.732023937490442	-68.70158406650751	
18.521995702119263	-69.49910205273292	
8.855588150733226	-69.5638891023879	
359.51499100452	-68.88901572709989	
351.158196976007	-67.54287772469024	
344.1255808968385	-65.64001348351908	
338.45783720606994	-63.30412728210334	
334.02220391112826	-60.64449871408019	
330.6259741333639	-57.748202827513474	
328.0796084365921	-54.681361639473366	
326.221191928028	-51.493429954537945	
324.92099787022795	-48.22157845142392	
324.0782221649011	-44.89423758244854	
323.6156566206298	-41.53371880851339	
323.4745615450153	-38.158086786692095	
323.6104145437468	-34.78248460632659	
323.9895949000614	-31.42007686781931	
324.5868641266129	-28.082730263621308	
325.38346707066967	-24.78151439861246	
326.36569626373466	-21.52707875835567	
327.52379309809754	-18.32994306494959	
328.85108836497176	-15.200725378149063	
330.3433078747502	-12.150323280262832	
331.997986319623	-9.19005695414993	
333.81394544299707	-6.331778005189581	
335.7908024006248	-3.587943913712699	
337.9284823397399	-0.9716547216997369	
340.22671697745574	1.503354133863861	
342.6845194769434	3.8227709150094666	
345.2996361127576	5.971827652987688	
348.06798756533306	7.93548973605199	
350.9831269288995	9.698721009145041	
354.03575630355806	11.246825301473926	
357.2133564878617	12.565857501917389	
0.4999909143433259	13.643087199722565	
3.876341273904307	14.467486755624119	
7.3200150215277695	15.030205612076069	
10.806133870151182	15.324986404584028	
14.308171604103725	15.348478545772666	
17.798967609296806	15.100412823368387	
21.25181020672615	14.583615632429508	
24.641470466441884	13.803861065912505	
27.94507672446157	12.769579076383192	
31.142749628318203	11.491454028440277	
34.217958590105226	9.98195717783114	
37.15760221314673	8.254858009858461	
39.9518484481933	6.324754058281735	
42.59378996891483	4.206649226929739	
45.078976122289205	1.9155994975671529	
51.14228647106092	2.7892507195157616	
53.50583201048557	-0.03979753614223528	
55.69866921027921	-3.0031466931944295	
57.724539433342336	-6.086673108411113	
59.5869339087327	-9.27726995789483	
61.28859026395826	-12.562791010437945	
62.83101747345479	-15.931960717679477	
64.21401549922795	-19.374257930244415	
65.43514796067034	-22.87977663987243	
66.48911538944057	-26.439063011949635	
67.36696017832676	-30.042923256652102	
68.05500836337335	-33.682190912055106	
68.53341213895277	-37.34743372322733	
68.77409158756383	-41.02856753930417	
68.73777074061299	-44.714324134353845	
68.36964159865597	-48.39148564088488	
67.59294522129247	-52.043739842786366	
66.29941873534936	-55.649909610869585	
64.33519555488303	-59.18113673104182	
61.48080016983345	-62.5963184435095	
57.42605354495898	-65.83470924447816	
51.75051622709361	-68.80440089922412	
43.95133845341539	-71.36683473933726	
33.6268239331714	-73.32514172521054	
20.942986118620066	-74.44368301591597	
7.1326033645996905	-74.53614166837839	
354.13425385347455	-73.5849481724003	
343.36483514797266	-71.7547015284749	
335.1498655015703	-69.28094140928997	
329.14420883375413	-66.37015866008257	
324.84262543756194	-63.17053167097524	
321.80594038439654	-59.78085541395914	
319.7058049408592	-56.26630526319612	
318.3089413697943	-52.67074950847158	
317.4517542537414	-49.02477269151727	
317.01926022743453	-45.350639822134674	
316.93004743191165	-41.665354474472274	
317.12604614937334	-37.98257371149495	
317.5656543043543	-34.31383957599635	
318.2191007374419	-30.66939759806453	
319.0652831801472	-27.058761809869722	
320.0895789391359	-23.491121554011716	
321.2823003250182	-19.975647890991166	
322.63757863733184	-16.521735049241723	
324.1525313433254	-13.139198554421904	
325.8266117562386	-9.838442699485201	
327.66106864636873	-6.6306037246930485	
329.65846099491677	-3.5276702021906816	
331.82218463842537	-0.5425779171221917	
334.155975806128	2.310727397716402	
336.6633639169229	5.01726991169832	
339.3470546456936	7.561080070110843	
342.2082362233963	9.925304162161275	
345.2458188909015	12.092404874758664	
348.45564016128566	14.044468959411864	
351.8296960138044	15.763632351734445	
355.35548644518406	17.232622074780423	
359.01558560644276	18.43539782771793	
2.7875520440415458	19.357855771579544	
6.644273529355986	19.988536314300337	
10.554788856591738	20.319262229962952	
14.485551175427055	20.34562928362004	
18.40201123856079	20.06728282869696	
22.270329548440145	19.487940458574347	
26.05899695841238	18.615157368760798	
29.740164267561443	17.459868518971664	
33.29054526244275	16.0357705400256	
36.69184283415214	14.358620428926448	
39.930728607725534	12.445526379655787	
42.99846378845434	10.314292168758042	
45.89027521905226	7.982856274524659	
48.60459926940246	5.468846140615668	
54.90084555844648	6.10015464166365	
57.441040840582154	3.0470373643845865	
59.80086965321396	-0.14165559783330212	
61.98857572506229	-3.450962880020435	
64.01202858357762	-6.8673232045655475	
65.8782534551258	-10.378473555729933	
67.59302869935289	-13.9733235531269	
69.16050949965113	-17.64181613235538	
70.58283262870363	-21.374780122860066	
71.85964983362636	-25.163776333565572	
72.98752350961445	-29.000934942944173	
73.95909320790129	-32.87877774429642	
74.76187742350953	-36.79001317643525	
75.37649817563344	-40.72728348013962	
75.77398022500336	-44.68282884723104	
75.91153238879954	-48.64800738897346	
75.72576619955893	-52.61256045103394	
75.12144627541844	-56.563414998415276	
73.95218799765554	-60.482611474664125	
71.98622095318314	-64.34350290992951	
68.844157211572	-68.10336948579024	
63.88684049388779	-71.68830738169771	
56.038146766458496	-74.96155678768262	
43.68130841319598	-77.66229151834042	
25.52936133570341	-79.3381246636528	
3.835355635761415	-79.48289539371571	
344.7536548811533	-78.04058904712552	
331.4424172433674	-75.47904507459415	
322.9428670127143	-72.28134983135563	
317.5782096073616	-68.73800077588238	
314.1778191797411	-65.00185255512612	
312.041241859893	-61.15474521579777	
310.75402151198455	-57.243391148125674	
310.0643961440713	-53.2965418365084	
309.81424604875093	-49.3333177825694	
309.9011825959924	-45.36745432545342	
310.2572855320456	-41.40959319142628	
310.83678372828587	-37.46859357330884	
311.6086713458259	-33.55232804024449	
312.5521383458527	-29.668196758844893	
313.65365902511695	-25.82348289357858	
314.9050866626467	-22.025616744463925	
316.3023736150513	-18.282387203768753	
317.8446861269977	-14.6021231595522	
319.5337678815711	-10.993858128413537	
321.37345485940153	-7.46748540571762	
323.3692718032372	-4.033906618473171	
325.528056011717	-0.7051727275568154	
327.8575623459449	2.5053873926049937	
330.36600761509635	5.583060076164046	
333.06151574008044	8.511676059443044	
335.9514302167088	11.273595796456386	
339.0414708181789	13.849776687516023	
342.3347309863522	16.21995264449522	
345.83054436997355	18.362957967382417	
349.52329472762096	20.257223228868696	
353.40129926122484	21.881457713328683	
357.4459498831186	23.215508763491144	
1.6313296385599096	24.241353706082457	
5.924507399301825	24.944140060815602	
10.286633944633218	25.313154989000157	
14.674818544662418	25.342589008568265	
19.044589935755248	25.03197311070345	
23.352596737611666	24.386214759233464	
27.559137590897738	23.415226469011593	
31.630157570953177	22.133210786778655	
35.538485377572385	20.557716709317344	
39.26426098694596	18.70860243102324	
42.794656074607545	16.607027943344143	
46.12308150928653	14.274568521032949	
49.24810073770314	11.73250018019994	
52.17224145008618	9.001272074339889	
58.70594732474859	9.384692253845731	
61.39883660042359	6.119448928818477	
63.90205707051362	2.7205611484087684	
66.22894025181076	-0.7962998571241374	
68.39216473309766	-4.417235310232042	
70.40337618066087	-8.129950447957306	
72.27291584349263	-11.923577401966089	
74.00961016337439	-15.788500364474928	
75.62057809697417	-19.716188999416808	
77.11101344471834	-23.699042452133607	
78.48389468203781	-27.730243654733915	
79.73956146823872	-31.803621445732883	
80.87506980355853	-35.91351579489869	
81.88318634920024	-40.054638440948374	
82.75078576381657	-44.221916341986244	
83.45622886108191	-48.41029623536767	
83.96492601217923	-52.61447038773603	
84.22149892853602	-56.82844470148937	
84.13516193805754	-61.044781086380006	
83.55054932935369	-65.25312321163906	
82.18436430797736	-69.43699788655186	
79.47249411850667	-73.56594143307238	
74.15095966488705	-77.57282570175146	
62.96416644062907	-81.2746941657197	
37.483132735940124	-84.05717789323407	
354.894857327344	-84.33690635006205	
325.7900652070222	-81.85152853218534	
312.9353913876537	-78.24274985116134	
306.92560394496775	-74.26979436933371	
303.88427645139063	-70.1554723615787	
302.33770543960054	-65.97831369884976	
301.6434248073412	-61.77277232007748	
301.4845858741869	-57.556961429455946	
301.68971792010717	-53.341990584602655	
302.15956350886074	-49.1356668357762	
302.83394212299896	-44.9441664747897	
303.67536432421565	-40.77287873118902	
304.6603390444374	-36.626878146441754	
305.7744950325776	-32.51121882853552	
307.0097171989868	-28.431139928359	
308.3624052907439	-24.392227004355657	
309.832385654987	-20.40055327070336	
311.4222159834578	-16.462814511362733	
313.1367309183376	-12.586466018553267	
314.9827337389454	-8.779866701653212	
316.9687698019459	-5.0524332128488	
319.10493264794843	-1.4148047893025055	
321.402659699613	2.1209830276208255	
323.87447457155565	5.541321044473734	
326.53362943293075	8.83085542304559	
329.393595836161	11.972339492591816	
332.4673490350145	14.946533229696245	
335.7663937891023	17.73218538339507	
339.2994958391859	20.30614388784741	
343.0711211732912	22.6436487863123	
347.07965270811115	24.718863789071364	
351.31555273549674	26.505691353741064	
355.75975652672935	27.978885027211593	
0.3826825639903558	29.11541822705401	
5.144271347612088	29.89599574127479	
9.99535942321266	30.306520846797774	
14.880437687905008	30.339285981536072	
19.741488290443716	29.99366696536036	
24.52227249627307	29.276180569736482	
29.172297335168295	28.19989343358799	
33.64979237804991	26.783302828179725	
37.9233286495546	25.048900197865144	
41.972071534126776	23.02165216037998	
45.784940267402234	20.727596759200715	
49.35907849292685	18.19268203481633	
52.69803297016282	15.441899344682621	
55.80994568928291	12.498705447252483	
62.58340286607427	12.627815063354454	
65.40219043571639	9.16256007110726	
68.02271317910227	5.568799656226033	
70.46384350998676	1.8627165237655314	
72.7433186926856	-1.9416161442195696	
74.87751816265981	-5.831980198698084	
76.88138061259797	-9.797769925547149	
78.76840928709201	-13.829770047876858	
80.55072837787942	-17.919957856121556	
82.23916439356917	-22.06132987663814	
83.84333402193339	-26.247751754850707	
85.37172464679742	-30.473829173936227	
86.83175550051226	-34.73479730724462	
88.22980612437787	-39.026426281471196	
89.57119311088093	-43.34494025813797	
90.86006273345124	-47.68694792331136	
92.0991380795748	-52.04938233144314	
93.28919483451237	-56.42944808512567	
94.42798660870483	-60.824573560429485	
95.50794020667291	-65.23236478653281	
96.5107550778176	-69.65055390915032	
97.3928810709939	-74.07692180624443	
98.03723512507143	-78.50911410245979	
98.02266008719496	-82.94386745797041	
94.06690026019321	-87.36865456813555	
294.7700506699852	-88.12529943621175	
287.8661794417537	-83.70984454473246	
287.61472927284814	-79.27523609364124	
288.1923469459454	-74.84231471732326	
289.0453079271678	-70.4147632967749	
290.03148940859734	-65.99500220669306	
291.09986078380444	-61.58525510465763	
292.22923266413756	-57.187774574466204	
293.4107023857528	-52.80492878307435	
294.64131988424197	-48.439255338975705	
295.92143775292146	-44.09350766460444	
297.2534906324882	-39.77070218951955	
298.64140243982536	-35.474170119759684	
300.090298298816	-31.207616180262676	
301.6063776002232	-26.975186365466545	
303.19687907166315	-22.781546734044813	
304.87010191083635	-18.631975426863	
306.63546233435454	-14.532470270495727	
308.5035716008934	-10.48987447430359	
310.48632350640577	-6.5120229430542205	
312.5969780299942	-2.6079114701776716	
314.8502236565992	1.2121096652769296	
317.2621938003656	4.936117726532899	
319.8504023682832	8.550378034589906	
322.63354963780677	12.039090602060526	
325.63113276110033	15.38413803766231	
328.8627774616603	18.56486102716263	
332.34719403216593	21.557903098804957	
336.10066163794016	24.33718570695957	
340.13497650341594	26.87409547282876	
344.4548831843116	29.13798154725589	
349.0551626615114	31.097061300838376	
353.9177750261915	32.719801310117354	
359.0097002179826	33.97676327627314	
4.282275166484946	34.84277919157731	
9.672735895130947	35.29917216402914	
15.108234188565369	35.33562657065141	
20.51188016853657	34.95130380413703	
25.809653306674463	34.15493559550139	
30.936693642210393	32.96387162868515	
35.841722563918886	31.40231281259165	
40.489010749999665	29.499120812556807	
44.85805322349281	27.285610732846166	
48.941610097991976	24.793634533431813	
52.74291758452704	22.05411603591372	
56.27275005720578	19.096066392778788	
59.546774137948006	15.946022819619989	
66.55959701779861	15.813550003691518	
69.4742223122119	12.160959153077165	
72.18330184275112	8.388149955514677	
74.71152245642423	4.511537756134107	
77.08172007133233	0.54515400252912	
79.31489259009125	-3.4989995219050245	
81.43036069073884	-7.6106340596285635	
83.44602478519326	-11.780897420745713	
85.37869152925335	-16.00213565557472	
87.24446383875868	-20.26768841815901	
89.0592074655762	-24.571712410538105	
90.83912881738782	-28.909026626585035	
92.60152872645779	-33.274972373459335	
94.36584521650155	-37.66527964441531	
96.15518388487125	-42.07592846874742	
97.99869641704205	-46.50298769856321	
99.93549273378797	-50.942400657158004	
102.02146669532408	-55.38965846237929	
104.34200990103368	-59.83923504519238	
107.03757942832483	-64.28348827418425	
110.36018693147689	-68.71025127962322	
114.81407440465732	-73.09677176577402	
121.56490509719877	-77.39151029601149	
133.87765865810314	-81.44465079621104	
162.3327738679822	-84.6618131985114	
215.3781123043806	-85.00588677255111	
248.5800205672558	-82.0921826510276	
262.5781415043057	-78.11628481041728	
269.9532949941404	-73.84756157179925	
274.69055023298984	-69.47187951651314	
278.16181924505076	-65.04998626211844	
280.9432022317813	-60.607699430258116	
283.3163648403205	-56.1584118556919	
285.435654343722	-51.71031780214625	
287.3936136993273	-47.26920798728689	
289.2500882069095	-42.83971696252112	
291.0464863051887	-38.42595168847805	
292.8133423308767	-34.03184753013959	
294.5746049100452	-29.66139660077122	
296.3502184787964	-25.318815442875074	
298.1577681368503	-21.008686076016236	
300.01358922484934	-16.73608956083203	
301.9335611734747	-12.506744221846679	
303.933710054091	-8.327157321732884	
306.0306912046593	-4.204797385127964	
308.2421909941362	-0.14829356103545482	
310.5872642031231	3.832332231351726	
313.08660428309014	7.725395667374876	
315.7627236798998	11.517240302975244	
318.6399972781625	15.191889349060153	
321.74449153288396	18.7306680703636	
325.1034643806776	22.111818778305206	
328.74437976807144	25.31015065843467	
332.6932465903368	28.296796195418818	
336.97208941568584	31.039184477519417	
341.5954302296859	33.50138360433876	
346.5658637897651	35.64499425854592	
351.8691893136072	37.430765129677226	
357.47008897217347	38.821009454378846	
3.309832714713789	39.782702445988114	
9.307575974326463	40.29085378073847	
15.366133279634274	40.33148337864906	
21.38165458072084	39.90344916330668	
27.25502793329031	39.01860160811872	
32.902047052270504	37.70021859612818	
38.259948296042815	35.980176442881856	
43.289451150775655	33.89559238481608	
47.97297963312642	31.485642101069118	
52.31057518848018	28.789009719861024	
56.31503630069064	25.84213552149897	
60.00737074035442	22.678208540448317	
63.41310658035608	19.32674235503551	
70.6615371270471	18.924664473943288	
73.63819314926602	15.098435155314148	
76.40422275434706	11.163283114557839	
78.9901509782902	7.135496417051067	
81.42370279035605	3.0287976525420275	
83.73013781819311	-1.1451984949873042	
85.93270446754728	-5.376594647045681	
88.05316952040849	-9.656879657860804	
90.11241207867394	-13.978646719850797	
92.13109706141807	-18.335349116095617	
94.13046921021436	-22.721081335432608	
96.13334028815933	-27.13037197142617	
98.16538893208806	-31.557972001167904	
100.25696928355191	-35.99861625220228	
102.44575828186217	-40.44672454106707	
104.78081569856036	-44.89598695966528	
107.32909565405993	-49.33873414765483	
110.18637057691798	-53.764903521757674	
113.49643953742414	-58.16021786270272	
117.48661434833666	-62.502745884606796	
122.53657443399244	-66.75592149644646	
129.31694115872972	-70.85326956692593	
139.0619116846821	-74.66268919888464	
153.95758350756964	-77.90267724329118	
176.5469246996791	-79.99830904062608	
204.50637090309857	-80.1841669327977	
228.45413138183653	-78.36816517358687	
244.52949069996862	-75.27459921363275	
254.9771409030212	-71.53726941574072	
262.1598630882126	-67.4775033349229	
267.4495630924844	-63.245292695304194	
271.5898865529375	-58.915016689712644	
274.99809445442804	-54.52696365104516	
277.9215665046285	-50.10494753199364	
280.5153527777827	-45.664256919895706	
282.8818305821011	-41.21552144615588	
285.09198524760967	-36.76673451688706	
287.1974116646813	-32.32438773757128	
289.2374115185899	-27.894153323459285	
291.2433845959557	-23.48132715344811	
293.24166982445803	-19.0911428232343	
295.2554702217316	-14.729017767615998	
297.3062238293504	-10.400767801830352	
299.4146347392045	-6.112813734878706	
301.60149422955425	-1.8723971950303062	
303.8883713865039	2.312180406549393	
306.29821901146704	6.431283330138875	
308.8559143457273	10.473619717128225	
311.5887283285342	14.425861921154246	
314.5266858508942	18.272200818231514	
317.7027369253525	21.993831747722083	
321.15259925877933	25.56838169411441	
324.9140531773834	28.969309654023657	
329.0253752561039	32.16535029305705	
333.52251264835854	35.12013018265016	
338.4345904074183	37.79216649879781	
343.7775300996129	40.13554593773255	
349.5461031534083	42.10163372440242	
355.705746625366	43.642097619842765	
2.186729342159585	44.71325209830951	
8.884021839603871	45.281203876869846	
15.66537882934951	45.326675627300425	
22.387199582124097	44.84808243383496	
28.913971180049256	43.86179561027214	
35.13514024637415	42.399497358806585	
40.97467795293989	40.503557475020706	
46.39224660529885	38.22184833034091	
51.37810862384513	35.603207658446955	
55.945129823009964	32.6941750521083	
60.12066234672676	29.537071538042756	
63.93984757343568	26.169167933585214	
67.44080325481167	22.622592168149218	
74.91673494113387	21.94233270987259	
77.91738828855716	17.957722247595957	
80.70570666272269	13.878247658300399	
83.31773310653385	9.719640350414526	
85.78557191394204	5.495008346597228	
88.1381298007793	1.2153867749755913	
90.40190093586718	-3.1098085433665354	
92.60177283875606	-7.472403959563828	
94.76186402544903	-11.86514712723634	
96.90643004883714	-16.281422884756665	
99.0608999702356	-20.714986200936888	
101.25313760262759	-25.159690452954575	
103.51506993885069	-29.60918414527243	
105.88490219027109	-34.056538861337216	
108.41026664276626	-38.493752044631265	
111.15286883178258	-42.91103303911054	
114.19556464625019	-47.29571581037236	
117.653433268004	-51.630519293418544	
121.69144937944992	-55.890641076250404	
126.55285186251643	-60.03871474301841	
132.60340369889352	-64.01580445757459	
140.39204281755445	-67.72521721231335	
150.6945201322859	-71.00496393589354	
164.37441755924027	-73.59145408042527	
181.64926572387026	-75.11590024541171	
200.81030724404414	-75.24389663082559	
218.60010296803318	-73.94190941844705	
232.9233823096086	-71.51056196296504	
243.75151083777183	-68.3284221916396	
251.91287231057706	-64.67929750941154	
258.2183782123492	-60.740144994562044	
263.2548136856766	-56.616604240442655	
267.41494715381094	-52.37271235191485	
270.95950723350074	-48.04876828956474	
274.0645861249452	-43.67130369365226	
276.85238323488693	-39.258647525099484	
279.4103864015241	-34.82411458161139	
281.80336238004594	-30.377900851240746	
284.0809895062955	-25.928258849983454	
286.2828435801689	-21.482262413627197	
288.4417572344269	-17.046333489465905	
290.5861668557883	-12.626631054498468	
292.7418239152166	-8.22936322322644	
294.933107781796	-3.8610622929154625	
297.1840932020468	0.4711490444509317	
299.51947366965493	4.759277966842305	
301.9654075942103	8.994148384741957	
304.5503281297094	13.165034947731499	
307.3057323407009	17.259224136705786	
310.26693353509484	21.2614819317427	
313.47371271368695	25.153409138282008	
316.9707287229915	28.912672471286985	
320.8074265325645	32.51211791358502	
325.0370057093879	35.9188125270923	
329.71378137516587	39.09313600823775	
334.88804924298023	41.988169178445354	
340.59754155551656	44.54980648925797	
346.8551119833417	46.718212685491444	
353.63391571783285	48.43131649536249	
0.8541889559124107	49.63074128345847	
8.378563399586838	50.2696857630396	
16.02265984340381	50.32093492418298	
23.58187682935049	49.782231872710625	
30.866051453815324	48.67674719949476	
37.72844644939488	47.04843440837486	
44.07932356249163	44.95426797337715	
49.88350137448707	42.456172141369365	
55.148060055730035	39.61468431392785	
59.90741275960785	36.4850524234724	
64.21040156137252	33.11547394217681	
68.1110986526925	29.54680012950655	
71.66314232505967	25.813058636584266	
79.35284122274994	24.845818422610844	
82.33484238463183	20.72026463772645	
85.10761875045223	16.51628313965999	
87.7119540158915	12.248577283850702	
90.18346604551999	7.929320245684028	
92.55381941034275	3.5687715181246626	
94.85185604303177	-0.8242290636884224	
97.10465958763969	-5.24185537017317	
99.33859397865861	-9.6769473543134	
101.58037423083059	-14.122695075516626	
103.85824520864506	-18.572328403890896	
106.20336824140179	-23.01878410043345	
108.65155178065784	-27.454315469401234	
111.24551808437546	-31.869997159316085	
114.03798242332337	-36.25505548745397	
117.09594478490448	-40.59591689593752	
120.50676030160874	-44.87480381427136	
124.3867327611705	-49.06760275766099	
128.89300745651204	-53.14056427720716	
134.2388624776883	-57.04516186712089	
140.70939796752927	-60.71022308744223	
148.66468236504156	-64.03070982082856	
158.4927777342402	-66.8548427294656	
170.43823724741696	-68.97916279590403	
184.25970173422687	-70.17568350974555	
198.94440312126068	-70.27395301133708	
213.0089138856518	-69.25828905255446	
225.31545471164821	-67.27822220534921	
235.50027555889906	-64.55914913819596	
243.7522504460149	-61.312093683766534	
250.45173635333273	-57.69791177535075	
255.96933378860234	-53.828828023172434	
260.60359632931795	-49.780972285577974	
264.57918711967955	-45.606131060439736	
268.06177764075295	-41.340175261885975	
271.1737765392892	-37.00860593988387	
274.00684316305563	-32.63011707385688	
276.63100031253833	-28.218892113629774	
279.10108307747913	-23.78611045690451	
281.4612921908999	-19.34096269754517	
283.7484500097192	-14.891359951921286	
285.99438491937343	-10.444453412880172	
288.2277389432751	-6.007038950561643	
290.47540280017046	-1.585897206690281	
292.7637226227299	2.8118943440523982	
295.11958342682163	7.1786482765429485	
297.571448655167	11.50572691307905	
300.15041664657235	15.783148463086231	
302.89133785677006	19.9991105295406	
305.83401371337095	24.13939745352351	
309.0244577632223	28.186632996713698	
312.51612332703394	32.11933713386367	
316.37085815973893	35.910751382965444	
320.65908940597296	39.52742388327502	
325.4583180124115	42.927617424612045	
330.84839544132547	46.059760304940625	
336.9014261032467	48.86144970190715	
343.66409950186966	51.259954772339064	
351.1321634312397	53.17561326837954	
359.22223755957117	54.529497920628295	
7.754514367163726	55.255461378377824	
16.464059599214657	55.313841652329145	
25.047739022928436	54.70130966170527	
33.22978617554779	53.451752150565554	
40.81385848790445	51.62769258096335	
47.70056964306891	49.30681112046191	
53.87392679955843	46.56932384797521	
59.37382587055257	43.48950633025203	
64.26947830118718	40.13164278776655	
68.64030551941327	36.549131999010655	
72.5646718001855	32.785306409081855	
76.1144005919317	28.874932741604518	
83.99693170325298	27.612201564711057	
86.91284747408689	23.36601995257137	
89.62913395218077	19.059662575045003	
92.18996332672423	14.706337899640713	
94.63319509640426	10.316985711250148	
96.99207796337431	5.900916495927445	
99.29670338107678	1.466313337698307	
101.57528325862224	-2.979357432460945	
103.85532856133598	-7.428989988496451	
106.1648072407386	-11.875505797225141	
108.53336444225594	-16.311513866640386	
110.99369812927087	-20.728932898552163	
113.58320078975368	-25.11853747285463	
116.34600317170168	-29.46937852017952	
119.33558631237545	-33.768008905687736	
122.61815199775175	-37.99741517225554	
126.27692462163265	-42.13551358904013	
130.41740749399833	-46.15301302423357	
135.1731104500394	-50.01039272825712	
140.7099075026858	-53.65374618601808	
147.2240433846606	-57.00947087790448	
154.92278886009467	-59.9786429670028	
163.96906437211197	-62.434101452501174	
174.37351874670694	-64.22704342444617	
185.8586760249222	-65.21221344324076	
197.80752868293385	-65.29224347807671	
209.4252550371504	-64.4585814962919	
220.046025898213	-62.79551600891496	
229.3325638871186	-60.44353717649405	
237.25504772658428	-57.553262279610685	
243.95930116188114	-54.25647079270758	
249.6502293449402	-50.65691157859164	
254.52809438405353	-46.83217959430931	
258.7644611782636	-42.839177504284265	
262.4982086972869	-38.719580031613134	
265.839272993356	-34.50420081155832	
268.87432809973956	-30.216194792782975	
271.6721814846625	-25.873329106716472	
274.2882469301673	-21.489580613780614	
276.7680652690755	-17.076267883112852	
279.1500335139552	-12.642868285270035	
281.46753403846	-8.197625563968801	
283.7506352134876	-3.7480213833120692	
286.0275044830734	0.6988366581579832	
288.3256483778118	5.135871065313161	
290.67307507634234	9.555702223561571	
293.0994637597888	13.95029827542677	
295.63741967021076	18.310576301873855	
298.3238918884655	22.625919180087944	
301.2018276215045	26.88356379179036	
304.32212249997036	31.06780350705935	
307.74588056313405	35.15893166559769	
311.5468780320761	39.13183643385678	
315.81384888906575	42.954151469699035	
320.65163000078724	46.583898694567374	
326.1791029736846	49.966691253689135	
332.52008957157807	53.03291600904655	
339.78133396846255	55.696055891731646	
348.01181087721557	57.854504613636344	
357.1455285508773	59.40029311466892	
6.950984027839768	60.23713833039339	
17.032967215731507	60.30469743372904	
26.91817256059819	59.59781480762977	
36.18952200671193	58.16831258390729	
44.5848979839951	56.108039872565186	
52.01251946223303	53.52449535900114	
58.50584898436327	50.521254665623744	
64.16512685960959	47.18771775865337	
69.11326058408817	43.596358261360926	
73.47091207587282	39.80400378213082	
77.34562772886127	35.85456755393915	
80.82889686197831	31.78189372105202	
88.8743280997396	30.21619479278297	
91.67218148466252	25.87332910671645	
94.28824693016732	21.489580613780618	
96.76806526907558	17.076267883112838	
99.1500335139552	12.642868285270021	
101.46753403845999	8.197625563968797	
103.75063521348761	3.7480213833120692	
106.02750448307344	-0.6988366581580022	
108.32564837781175	-5.135871065313173	
110.67307507634231	-9.555702223561571	
113.09946375978883	-13.95029827542677	
115.63741967021078	-18.310576301873876	
118.32389188846547	-22.62591918008795	
121.20182762150446	-26.88356379179037	
124.32212249997039	-31.06780350705936	
127.74588056313401	-35.158931665597684	
131.5468780320761	-39.13183643385678	
135.81384888906575	-42.954151469699035	
140.65163000078724	-46.583898694567374	
146.17910297368468	-49.966691253689135	
152.52008957157807	-53.03291600904655	
159.7813339684625	-55.696055891731646	
168.01181087721565	-57.854504613636344	
177.14552855087734	-59.40029311466892	
186.9509840278398	-60.23713833039339	
197.03296721573153	-60.30469743372904	
206.9181725605982	-59.59781480762977	
216.18952200671194	-58.16831258390729	
224.58489798399512	-56.10803987256517	
232.01251946223306	-53.524495359001136	
238.50584898436324	-50.521254665623744	
244.1651268596096	-47.18771775865337	
249.1132605840882	-43.59635826136092	
253.47091207587283	-39.804003782130806	
257.34562772886125	-35.85456755393916	
260.82889686197836	-31.781893721052	
263.996931703253	-27.61220156471106	
266.9128474740869	-23.366019952571396	
269.6291339521807	-19.059662575045	
272.18996332672424	-14.706337899640726	
274.6331950964042	-10.316985711250158	
276.9920779633743	-5.900916495927449	
279.2967033810767	-1.466313337698307	
281.5752832586223	2.9793574324609264	
283.85532856133597	7.428989988496439	
286.1648072407386	11.875505797225141	
288.53336444225596	16.311513866640386	
290.99369812927085	20.72893289855214	
293.5832007897536	25.11853747285462	
296.34600317170174	29.469378520179514	
299.3355863123754	33.768008905687736	
302.61815199775174	37.99741517225554	
306.27692462163265	42.13551358904012	
310.4174074939983	46.15301302423357	
315.17311045003936	50.010392728257116	
320.70990750268584	53.65374618601809	
327.2240433846606	57.00947087790448	
334.92278886009467	59.9786429670028	
343.969064372112	62.434101452501174	
354.37351874670696	64.22704342444617	
5.858676024922176	65.21221344324076	
17.807528682933796	65.29224347807671	
29.4252550371504	64.4585814962919	
40.04602589821298	62.79551600891496	
49.33256388711859	60.44353717649405	
57.25504772658424	57.5532622796107	
63.95930116188111	54.25647079270758	
69.65022934494017	50.65691157859164	
74.52809438405355	46.83217959430932	
78.76446117826363	42.83917750428427	
82.49820869728691	38.719580031613134	
85.83927299335599	34.50420081155835	
94.00684316305568	32.63011707385687	
96.63100031253832	28.218892113629757	
99.10108307747909	23.78611045690451	
101.46129219089985	19.34096269754515	
103.74845000971922	14.891359951921277	
105.99438491937345	10.444453412880172	
108.22773894327506	6.007038950561643	
110.47540280017049	1.585897206690262	
112.7637226227299	-2.8118943440524107	
115.1195834268217	-7.178648276542959	
117.57144865516703	-11.50572691307905	
120.15041664657234	-15.783148463086254	
122.89133785677008	-19.99911052954062	
125.83401371337095	-24.13939745352351	
129.0244577632223	-28.18663299671371	
132.5161233270339	-32.11933713386367	
136.3708581597389	-35.910751382965444	
140.65908940597294	-39.52742388327502	
145.45831801241155	-42.927617424612045	
150.8483954413254	-46.059760304940625	
156.9014261032467	-48.86144970190715	
163.66409950186966	-51.25995477233906	
171.13216343123972	-53.17561326837954	
179.22223755957123	-54.529497920628295	
187.75451436716375	-55.25546137837782	
196.46405959921466	-55.31384165232914	
205.04773902292845	-54.70130966170527	
213.22978617554782	-53.451752150565554	
220.81385848790447	-51.62769258096334	
227.70056964306892	-49.30681112046189	
233.87392679955843	-46.56932384797521	
239.3738258705526	-43.48950633025203	
244.26947830118718	-40.13164278776654	
248.64030551941323	-36.549131999010626	
252.56467180018547	-32.785306409081855	
256.1144005919317	-28.874932741604486	
259.35284122274993	-24.84581842261085	
262.33484238463177	-20.720264637726473	
265.1076187504522	-16.51628313965999	
267.7119540158914	-12.248577283850718	
270.18346604552	-7.929320245684039	
272.5538194103427	-3.5687715181246626	
274.8518560430318	0.8242290636884224	
277.1046595876397	5.241855370173149	
279.3385939786586	9.676947354313388	
281.58037423083056	14.122695075516612	
283.85824520864503	18.572328403890896	
286.2033682414018	23.018784100433432	
288.6515517806578	27.454315469401223	
291.2455180843754	31.869997159316085	
294.0379824233233	36.25505548745396	
297.0959447849045	40.59591689593754	
300.5067603016087	44.87480381427135	
304.3867327611705	49.06760275766099	
308.893007456512	53.14056427720716	
314.2388624776883	57.04516186712089	
320.70939796752924	60.71022308744223	
328.6646823650416	64.03070982082858	
338.4927777342402	66.8548427294656	
350.4382372474169	68.97916279590403	
4.259701734226814	70.17568350974555	
18.94440312126065	70.27395301133708	
33.008913885651786	69.25828905255446	
45.31545471164818	67.27822220534922	
55.50027555889906	64.55914913819596	
63.75225044601486	61.312093683766555	
70.45173635333273	57.69791177535075	
75.96933378860236	53.828828023172434	
80.60359632931792	49.78097228557798	
84.57918711967952	45.60613106043976	
88.06177764075298	41.340175261885975	
91.1737765392892	37.0086059398839	
99.41038640152411	34.824114581611376	
101.803362380046	30.377900851240714	
104.08098950629551	25.92825884998346	
106.28284358016896	21.48226241362718	
108.44175723442694	17.046333489465894	
110.58616685578828	12.626631054498462	
112.74182391521664	8.22936322322644	
114.93310778179604	3.8610622929154435	
117.18409320204687	-0.47114904445094435	
119.51947366965494	-4.759277966842315	
121.96540759421038	-8.994148384741957	
124.55032812970941	-13.165034947731518	
127.30573234070091	-17.2592241367058	
130.2669335350949	-21.261481931742704	
133.47371271368698	-25.15340913828202	
136.9707287229915	-28.91267247128697	
140.8074265325645	-32.51211791358503	
145.03700570938796	-35.91881252709229	
149.71378137516587	-39.09313600823775	
154.8880492429802	-41.988169178445354	
160.59754155551656	-44.549806489257975	
166.85511198334166	-46.718212685491444	
173.63391571783293	-48.431316495362466	
180.85418895591243	-49.63074128345847	
188.37856339958685	-50.2696857630396	
196.02265984340383	-50.32093492418297	
203.5818768293505	-49.782231872710625	
210.86605145381534	-48.67674719949476	
217.72844644939488	-47.048434408374845	
224.07932356249168	-44.95426797337713	
229.8835013744871	-42.456172141369365	
235.14806005573004	-39.61468431392785	
239.90741275960784	-36.48505242347239	
244.21040156137255	-33.115473942176806	
248.11109865269248	-29.546800129506558	
251.66314232505968	-25.81305863658424	
254.91673494113383	-21.9423327098726	
257.9173882885571	-17.95772224759598	
260.7057066627227	-13.878247658300394	
263.3177331065338	-9.71964035041454	
265.785571913942	-5.495008346597239	
268.13812980077927	-1.2153867749755944	
270.40190093586716	3.1098085433665354	
272.60177283875606	7.4724039595638105	
274.76186402544903	11.865147127236328	
276.90643004883714	16.28142288475665	
279.0608999702356	20.714986200936888	
281.25313760262753	25.15969045295456	
283.5150699388507	29.609184145272415	
285.8849021902711	34.056538861337216	
288.41026664276626	38.493752044631265	
291.1528688317826	42.91103303911054	
294.19556464625015	47.29571581037234	
297.653433268004	51.630519293418544	
301.6914493794499	55.890641076250404	
306.5528518625165	60.03871474301841	
312.6034036988935	64.01580445757459	
320.39204281755445	67.72521721231337	
330.6945201322859	71.00496393589353	
344.37441755924027	73.59145408042527	
1.6492657238701665	75.11590024541171	
20.810307244044076	75.24389663082559	
38.60010296803321	73.94190941844705	
52.923382309608584	71.51056196296504	
63.7515108377718	68.3284221916396	
71.91287231057701	64.67929750941157	
78.21837821234915	60.740144994562044	
83.2548136856766	56.616604240442655	
87.41494715381096	52.37271235191487	
90.95950723350077	48.048768289564755	
94.06458612494518	43.67130369365226	
96.8523832348869	39.258647525099505	
105.09198524760971	36.76673451688705	
107.1974116646813	32.32438773757126	
109.23741151858987	27.894153323459292	
111.24338459595573	23.481327153448092	
113.24166982445807	19.09114282323429	
115.25547022173164	14.729017767615995	
117.30622382935044	10.400767801830352	
119.41463473920447	6.112813734878686	
121.60149422955425	1.872397195030293	
123.88837138650388	-2.3121804065494027	
126.29821901146705	-6.431283330138875	
128.85591434572734	-10.473619717128237	
131.58872832853422	-14.425861921154262	
134.52668585089418	-18.27220081823153	
137.7027369253525	-21.993831747722094	
141.15259925877933	-25.56838169411441	
144.91405317738344	-28.96930965402366	
149.02537525610393	-32.16535029305705	
153.52251264835854	-35.12013018265016	
158.43459040741834	-37.79216649879781	
163.77753009961285	-40.13554593773255	
169.54610315340835	-42.10163372440242	
175.70574662536603	-43.64209761984278	
182.18672934215962	-44.71325209830951	
188.8840218396039	-45.281203876869846	
195.66537882934952	-45.326675627300425	
202.38719958212408	-44.84808243383496	
208.91397118004926	-43.86179561027214	
215.13514024637416	-42.399497358806585	
220.97467795293994	-40.50355747502069	
226.39224660529885	-38.22184833034091	
231.3781086238451	-35.603207658446955	
235.94512982300998	-32.6941750521083	
240.12066234672676	-29.53707153804275	
243.93984757343566	-26.169167933585214	
247.44080325481164	-22.622592168149197	
250.66153712704707	-18.924664473943295	
253.638193149266	-15.098435155314169	
256.4042227543471	-11.163283114557837	
258.99015097829016	-7.135496417051086	
261.42370279035606	-3.0287976525420355	
263.7301378181931	1.1451984949873006	
265.93270446754724	5.376594647045681	
268.05316952040846	9.656879657860783	
270.1124120786739	13.978646719850783	
272.1310970614181	18.335349116095607	
274.13046921021436	22.721081335432608	
276.13334028815933	27.130371971426158	
278.16538893208804	31.557972001167887	
280.2569692835519	35.99861625220227	
282.44575828186214	40.44672454106706	
284.78081569856033	44.89598695966528	
287.3290956540599	49.33873414765483	
290.18637057691797	53.76490352175768	
293.4964395374241	58.16021786270272	
297.4866143483367	62.502745884606796	
302.53657443399237	66.75592149644646	
309.3169411587297	70.85326956692595	
319.06191168468206	74.66268919888462	
333.9575835075696	77.90267724329118	
356.546924699679	79.99830904062608	
24.506370903098492	80.1841669327977	
48.45413138183654	78.36816517358687	
64.52949069996859	75.27459921363275	
74.97714090302117	71.53726941574072	
82.15986308821257	67.47750333492291	
87.44956309248445	63.245292695304194	
91.5898865529375	58.915016689712644	
94.99809445442806	54.52696365104516	
97.92156650462847	50.104947531993666	
100.51535277778271	45.664256919895706	
102.88183058210112	41.21552144615591	
111.04648630518871	38.42595168847805	
112.8133423308767	34.03184753013957	
114.57460491004525	29.661396600771226	
116.35021847879652	25.31881544287506	
118.15776813685027	21.00868607601623	
120.01358922484934	16.73608956083203	
121.93356117347471	12.506744221846679	
123.933710054091	8.327157321732868	
126.03069120465938	4.204797385127951	
128.24219099413614	0.14829356103544528	
130.58726420312308	-3.832332231351726	
133.08660428309017	-7.7253956673748885	
135.76272367989984	-11.517240302975262	
138.63999727816253	-15.19188934906016	
141.744491532884	-18.730668070363606	
145.10346438067765	-22.1118187783052	
148.74437976807147	-25.31015065843468	
152.69324659033683	-28.296796195418803	
156.97208941568587	-31.039184477519417	
161.59543022968592	-33.50138360433876	
166.56586378976516	-35.64499425854593	
171.86918931360717	-37.43076512967721	
177.47008897217347	-38.821009454378846	
183.3098327147138	-39.782702445988114	
189.30757597432648	-40.29085378073847	
195.3661332796343	-40.33148337864907	
201.38165458072083	-39.90344916330668	
207.2550279332903	-39.01860160811872	
212.90204705227052	-37.70021859612818	
218.25994829604284	-35.980176442881856	
223.28945115077565	-33.89559238481608	
227.9729796331264	-31.485642101069118	
232.3105751884802	-28.789009719861024	
236.31503630069062	-25.84213552149896	
240.00737074035442	-22.678208540448317	
243.4131065803561	-19.32674235503549	
246.55959701779864	-15.813550003691523	
249.47422231221188	-12.160959153077183	
252.1833018427511	-8.388149955514674	
254.71152245642418	-4.511537756134123	
257.08172007133237	-0.545154002529128	
259.31489259009123	3.4989995219050245	
261.4303606907388	7.6106340596285635	
263.44602478519323	11.7808974207457	
265.37869152925333	16.00213565557471	
267.24446383875863	20.267688418159004	
269.05920746557615	24.571712410538105	
270.8391288173878	28.90902662658502	
272.60152872645773	33.27497237345931	
274.36584521650155	37.6652796444153	
276.1551838848713	42.07592846874742	
277.998696417042	46.50298769856322	
279.93549273378795	50.94240065715799	
282.0214666953241	55.38965846237929	
284.34200990103363	59.839235045192375	
287.0375794283248	64.28348827418426	
290.3601869314769	68.71025127962322	
294.81407440465733	73.09677176577402	
301.5649050971988	77.39151029601149	
313.87765865810314	81.44465079621101	
342.3327738679819	84.6618131985114	
35.3781123043804	85.00588677255111	
68.5800205672558	82.0921826510276	
82.57814150430568	78.11628481041728	
89.95329499414039	73.84756157179928	
94.6905502329898	69.47187951651316	
98.16181924505075	65.04998626211844	
100.9432022317813	60.607699430258116	
103.31636484032053	56.15841185569191	
105.43565434372195	51.71031780214627	
107.39361369932729	47.26920798728688	
109.25008820690947	42.83971696252115	
117.25349063248821	39.77070218951955	
118.64140243982538	35.47417011975966	
120.09029829881598	31.207616180262676	
121.60637760022327	26.97518636546653	
123.19687907166318	22.781546734044813	
124.87010191083635	18.631975426862994	
126.63546233435454	14.532470270495727	
128.5035716008934	10.48987447430357	
130.48632350640574	6.512022943054211	
132.5969780299942	2.6079114701776716	
134.8502236565992	-1.2121096652769296	
137.2621938003656	-4.936117726532919	
139.85040236828323	-8.550378034589926	
142.63354963780677	-12.039090602060538	
145.63113276110042	-15.384138037662318	
148.86277746166033	-18.56486102716263	
152.34719403216593	-21.557903098804964	
156.10066163794014	-24.337185706959566	
160.13497650341588	-26.87409547282876	
164.45488318431154	-29.13798154725589	
169.0551626615115	-31.09706130083838	
173.91777502619155	-32.719801310117354	
179.00970021798264	-33.97676327627315	
184.28227516648494	-34.84277919157731	
189.67273589513098	-35.299172164029144	
195.10823418856538	-35.33562657065141	
200.51188016853655	-34.95130380413703	
205.80965330667445	-34.15493559550139	
210.93669364221043	-32.96387162868515	
215.84172256391892	-31.402312812591646	
220.48901074999964	-29.499120812556807	
224.85805322349282	-27.285610732846155	
228.94161009799197	-24.793634533431813	
232.74291758452708	-22.05411603591371	
236.27275005720577	-19.096066392778795	
239.54677413794803	-15.946022819619971	
242.58340286607424	-12.627815063354454	
245.40219043571636	-9.16256007110728	
248.02271317910223	-5.56879965622603	
250.46384350998673	-1.8627165237655436	
252.74331869268562	1.9416161442195599	
254.87751816265978	5.831980198698081	
256.8813806125979	9.797769925547149	
258.76840928709197	13.829770047876837	
260.5507283778794	17.919957856121545	
262.2391643935691	22.06132987663814	
263.8433340219334	26.247751754850707	
265.37172464679736	30.473829173936213	
266.8317555005122	34.7347973072446	
268.22980612437783	39.02642628147118	
269.5711931108809	43.34494025813796	
270.8600627334513	47.68694792331136	
272.0991380795748	52.04938233144314	
273.2891948345124	56.42944808512568	
274.4279866087048	60.824573560429485	
275.5079402066729	65.23236478653281	
276.51075507781763	69.6505539091503	
277.3928810709939	74.07692180624443	
278.0372351250714	78.50911410245979	
278.022660087195	82.94386745797041	
274.0669002601932	87.36865456813554	
114.7700506699853	88.12529943621178	
107.86617944175366	83.70984454473246	
107.61472927284815	79.27523609364124	
108.19234694594543	74.84231471732326	
109.04530792716783	70.41476329677492	
110.03148940859735	65.99500220669306	
111.09986078380444	61.58525510465763	
112.22923266413754	57.18777457446622	
113.4107023857528	52.80492878307436	
114.64131988424198	48.4392553389757	
115.92143775292149	44.093507664604466	
123.67536432421565	40.77287873118902	
124.6603390444374	36.626878146441726	
125.77449503257758	32.51121882853552	
127.00971719898675	28.431139928358984	
128.3624052907439	24.39222700435565	
129.832385654987	20.400553270703348	
131.42221598345785	16.462814511362733	
133.1367309183376	12.586466018553251	
134.98273373894537	8.779866701653196	
136.9687698019459	5.052433212848791	
139.10493264794843	1.4148047893025055	
141.40265969961305	-2.120983027620838	
143.87447457155565	-5.541321044473745	
146.53362943293075	-8.830855423045598	
149.393595836161	-11.972339492591816	
152.46734903501454	-14.946533229696234	
155.76639378910232	-17.732185383395073	
159.29949583918594	-20.30614388784741	
163.0711211732912	-22.6436487863123	
167.07965270811113	-24.718863789071364	
171.31555273549677	-26.505691353741067	
175.75975652672943	-27.978885027211586	
180.38268256399036	-29.11541822705401	
185.1442713476121	-29.895995741274795	
189.99535942321268	-30.306520846797778	
194.88043768790502	-30.33928598153606	
199.74148829044373	-29.99366696536036	
204.52227249627308	-29.276180569736482	
209.1722973351683	-28.19989343358799	
213.64979237804994	-26.783302828179718	
217.92332864955458	-25.048900197865144	
221.9720715341268	-23.02165216037998	
225.78494026740228	-20.727596759200708	
229.3590784929269	-18.192682034816325	
232.69803297016284	-15.441899344682621	
235.80994568928287	-12.498705447252462	
238.7059473247486	-9.384692253845735	
241.39883660042358	-6.119448928818497	
243.90205707051362	-2.7205611484087684	
246.22894025181074	0.7962998571241245	
248.39216473309764	4.417235310232038	
250.40337618066084	8.129950447957302	
252.2729158434926	11.923577401966089	
254.00961016337436	15.788500364474919	
255.62057809697416	19.7161889994168	
257.11101344471837	23.699042452133593	
258.4838946820378	27.730243654733915	
259.7395614682387	31.80362144573287	
260.8750698035585	35.91351579489868	
261.88318634920023	40.05463844094837	
262.75078576381657	44.221916341986244	
263.45622886108185	48.410296235367674	
263.9649260121792	52.61447038773602	
264.22149892853605	56.82844470148937	
264.13516193805754	61.044781086379984	
263.55054932935366	65.25312321163906	
262.1843643079774	69.43699788655185	
259.4724941185067	73.5659414330724	
254.15095966488704	77.57282570175146	
242.9641664406291	81.2746941657197	
217.48313273594027	84.05717789323407	
174.89485732734428	84.33690635006207	
145.79006520702225	81.85152853218534	
132.9353913876537	78.24274985116135	
126.9256039449677	74.26979436933371	
123.88427645139065	70.1554723615787	
122.33770543960055	65.97831369884976	
121.64342480734123	61.77277232007749	
121.48458587418688	57.55696142945596	
121.68971792010721	53.34199058460267	
122.15956350886078	49.1356668357762	
122.83394212299899	44.944166474789725	
130.2572855320456	41.40959319142628	
130.8367837282859	37.468593573308816	
131.60867134582585	33.55232804024449	
132.5521383458527	29.66819675884489	
133.65365902511695	25.823482893578575	
134.90508666264665	22.025616744463925	
136.3023736150513	18.282387203768753	
137.84468612699771	14.602123159552184	
139.53376788157112	10.993858128413526	
141.37345485940156	7.467485405717617	
143.3692718032372	4.033906618473171	
145.528056011717	0.7051727275568026	
147.85756234594498	-2.5053873926050065	
150.36600761509632	-5.583060076164049	
153.0615157400805	-8.511676059443054	
155.95143021670876	-11.273595796456384	
159.0414708181789	-13.849776687516023	
162.3347309863522	-16.219952644495212	
165.83054436997355	-18.362957967382417	
169.52329472762096	-20.25722322886869	
173.4012992612249	-21.881457713328683	
177.4459498831187	-23.215508763491133	
181.6313296385599	-24.241353706082457	
185.9245073993018	-24.944140060815606	
190.28663394463322	-25.313154989000157	
194.67481854466243	-25.342589008568265	
199.04458993575523	-25.03197311070345	
203.35259673761166	-24.386214759233464	
207.55913759089773	-23.41522646901159	
211.63015757095317	-22.133210786778655	
215.53848537757239	-20.557716709317344	
219.26426098694597	-18.70860243102324	
222.79465607460756	-16.607027943344143	
226.12308150928652	-14.274568521032942	
229.2481007377031	-11.732500180199944	
232.1722414500862	-9.001272074339873	
234.90084555844646	-6.100154641663652	
237.4410408405821	-3.047037364384603	
239.80086965321397	0.14165559783330212	
241.9885757250623	3.450962880020422	
244.0120285835776	6.8673232045655395	
245.87825345512582	10.378473555729933	
247.59302869935286	13.9733235531269	
249.1605094996511	17.641816132355356	
250.58283262870358	21.374780122860063	
251.85964983362635	25.163776333565565	
252.98752350961442	29.000934942944173	
253.95909320790128	32.87877774429641	
254.76187742350953	36.79001317643524	
255.3764981756334	40.72728348013962	
255.7739802250033	44.682828847231036	
255.91153238879951	48.64800738897346	
255.7257661995589	52.61256045103394	
255.1214462754184	56.56341499841528	
253.95218799765553	60.482611474664125	
251.9862209531831	64.34350290992951	
248.844157211572	68.10336948579022	
243.8868404938878	71.68830738169773	
236.03814676645854	74.96155678768262	
223.681308413196	77.66229151834041	
205.5293613357035	79.3381246636528	
183.83535563576152	79.48289539371571	
164.75365488115327	78.04058904712552	
151.4424172433674	75.47904507459415	
142.94286701271434	72.28134983135563	
137.57820960736163	68.7380007758824	
134.17781917974114	65.00185255512612	
132.04124185989298	61.15474521579777	
130.7540215119846	57.24339114812568	
130.06439614407125	53.296541836508425	
129.81424604875096	49.33331778256939	
129.90118259599237	45.36745432545344	
136.93004743191162	41.66535447447227	
137.1260461493733	37.982573711494936	
137.5656543043543	34.31383957599635	
138.2191007374419	30.669397598064528	
139.06528318014725	27.058761809869715	
140.0895789391359	23.491121554011716	
141.2823003250182	19.975647890991166	
142.63757863733187	16.521735049241705	
144.1525313433254	13.139198554421892	
145.82661175623863	9.83844269948519	
147.66106864636873	6.6306037246930485	
149.65846099491677	3.527670202190667	
151.8221846384254	0.5425779171221854	
154.15597580612805	-2.3107273977164082	
156.66336391692283	-5.017269911698326	
159.34705464569365	-7.561080070110843	
162.2082362233963	-9.925304162161279	
165.24581889090146	-12.092404874758664	
168.45564016128566	-14.044468959411864	
171.82969601380432	-15.763632351734445	
175.35548644518408	-17.23262207478043	
179.01558560644276	-18.43539782771793	
182.78755204404155	-19.35785577157954	
186.64427352935598	-19.98853631430034	
190.55478885659176	-20.319262229962956	
194.48555117542705	-20.345629283620035	
198.4020112385608	-20.06728282869696	
202.27032954844017	-19.487940458574347	
206.0589969584124	-18.615157368760787	
209.74016426756143	-17.459868518971657	
213.29054526244275	-16.0357705400256	
216.69184283415214	-14.358620428926448	
219.93072860772554	-12.445526379655783	
222.99846378845436	-10.314292168758039	
225.89027521905226	-7.982856274524659	
228.60459926940248	-5.468846140615651	
231.1422864710609	-2.7892507195157648	
233.50583201048553	0.039797536142219384	
235.69866921027926	3.0031466931944295	
237.7245394333423	6.086673108411107	
239.58693390873268	9.277269957894825	
241.2885902639582	12.562791010437945	
242.83101747345475	15.931960717679477	
244.21401549922797	19.3742579302444	
245.43514796067032	22.879776639872414	
246.4891153894405	26.43906301194962	
247.36696017832676	30.042923256652102	
248.05500836337333	33.68219091205509	
248.53341213895277	37.347433723227326	
248.77409158756384	41.02856753930416	
248.73777074061294	44.714324134353845	
248.36964159865596	48.39148564088488	
247.59294522129244	52.043739842786366	
246.29941873534935	55.649909610869585	
244.335195554883	59.181136731041796	
241.48080016983343	62.5963184435095	
237.426053544959	65.83470924447816	
231.75051622709364	68.80440089922412	
223.95133845341542	71.36683473933725	
213.6268239331714	73.32514172521054	
200.9429861186201	74.44368301591595	
187.13260336459973	74.53614166837839	
174.13425385347455	73.5849481724003	
163.36483514797263	71.75470152847491	
155.14986550157022	69.28094140928998	
149.14420883375416	66.37015866008257	
144.84262543756194	63.17053167097524	
141.80594038439656	59.78085541395914	
139.70580494085917	56.26630526319613	
138.30894136979433	52.67074950847159	
137.45175425374143	49.02477269151727	
137.01926022743456	45.35063982213469	
143.61565662062984	41.53371880851339	
143.4745615450153	38.15808678669208	
143.6104145437468	34.782484606326605	
143.98959490006138	31.420076867819297	
144.58686412661288	28.082730263621304	
145.38346707066967	24.78151439861246	
146.36569626373466	21.52707875835567	
147.5237930980975	18.329943064949575	
148.85108836497173	15.20072537814906	
150.34330787475022	12.150323280262832	
151.99798631962304	9.19005695414993	
153.81394544299704	6.331778005189575	
155.79080240062487	3.5879439137126896	
157.92848233973993	0.9716547216997306	
160.22671697745577	-1.5033541338638643	
162.68451947694336	-3.822770915009463	
165.29963611275758	-5.971827652987689	
168.06798756533306	-7.93548973605199	
170.98312692889945	-9.698721009145041	
174.03575630355806	-11.246825301473926	
177.21335648786174	-12.565857501917389	
180.49999091434333	-13.643087199722558	
183.8763412739043	-14.467486755624126	
187.32001502152775	-15.030205612076072	
190.80613387015117	-15.324986404584028	
194.30817160410373	-15.348478545772666	
197.7989676092968	-15.100412823368387	
201.25181020672613	-14.583615632429511	
204.6414704664419	-13.803861065912505	
207.94507672446156	-12.769579076383186	
211.14274962831817	-11.491454028440277	
214.21795859010524	-9.98195717783114	
217.15760221314673	-8.254858009858458	
219.95184844819332	-6.324754058281732	
222.5937899689148	-4.206649226929742	
225.0789761222892	-1.91559949756714	
227.40487766643304	0.5335654920394515	
229.57032859978767	3.1264447609369537	
231.57497473919665	5.849197497177285	
233.41874423435752	8.688612032169173	
235.1013424852617	11.632121359331082	
236.62176338200467	14.667773523097605	
237.97780003595008	17.78416336564152	
239.1655303617595	20.970329535372496	
240.17874488408768	24.215617481364877	
241.0082747099243	27.509505327012786	
241.64116534027886	30.841384762546852	
242.05962543876896	34.20028289307306	
242.23965753656313	37.57450247370169	
242.14924958566476	40.951145870114445	
241.74597511416184	44.315470575408405	
240.9738273499183	47.64999886781034	
239.75913433390028	50.93326906293885	
238.0055600524526	54.138071566006445	
235.58871301968964	57.22897185879341	
232.35224350270045	60.15893210974579	
228.11040392083737	62.865041450658936	
222.66786579976483	65.26407761457403	
215.87475306498388	67.25039130629692	
207.73202393749048	68.70158406650751	
198.5219957021193	69.49910205273292	
188.85558815073324	69.5638891023879	
179.51499100452006	68.88901572709989	
171.15819697600705	67.54287772469026	
164.12558089683858	65.6400134835191	
158.45783720606997	63.30412728210336	
154.0222039111283	60.64449871408019	
150.62597413336394	57.748202827513474	
148.07960843659208	54.681361639473366	
146.22119192802805	51.49342995453795	
144.92099787022795	48.22157845142392	
144.0782221649011	44.894237582448554	
150.23484001127912	41.01801892393435	
149.82384172245136	37.991375539779106	
149.70186609491202	34.94975664894844	
149.83671061458517	31.90863791814511	
150.2028482666207	28.881862488582517	
150.78020443175757	25.882139166311315	
151.55312409156647	22.921429808990563	
152.50950935174342	20.011251921233455	
153.6400964362591	17.162915471373637	
154.9378400166044	14.387707101651738	
156.3973754747808	11.697030180972655	
158.01453394188934	9.102505361172733	
159.7858897329343	6.616033270785718	
161.7083248982371	4.249818611619225	
163.77860115887927	2.016353201506483	
165.99293570733832	-0.07164548696382929	
168.34658436637358	-2.0013438461969004	
170.83344329016535	-3.759952275251619	
173.44568824402725	-5.334936230536124	
176.17347749764417	-6.71427482741566	
179.00474901715407	-7.8867587533470465	
181.92514318179525	-8.842313587799158	
184.91807710258703	-9.572328993381282	
187.96498502328538	-10.06996977035679	
191.04572192592022	-10.330442677546763	
194.13910680352092	-10.351194210714903	
197.22356205621637	-10.132019593755455	
200.2777906090358	-9.675071629005664	
203.28142629520173	-8.98476847030832	
206.21559735238768	-8.06760997032893	
209.06335643238407	-6.931921108493688	
211.80994995788535	-5.5875467024333405	
214.4429205203191	-4.045523539350889	
216.9520541659426	-2.3177544991688097	
219.32919710713932	-0.41670509497899744	
221.56797263720102	1.6448626609256327	
223.66342937059113	3.854109885112854	
225.61164786254923	6.198289823964064	
227.40932595071072	8.664865982372529	
229.05335536954368	11.241581646466972	
230.54039441951406	13.916484267807864	
231.86643432578435	16.677908246255257	
233.02635057403606	19.51441879546109	
234.01342486415837	22.41471797051036	
234.81881815972238	25.367511678453454	
235.4309704751367	28.361333584189257	
235.83489866558213	31.384318178357688	
236.0113603670398	34.42391072658054	
235.9358525420302	37.4664961816088	
235.5774216895284	40.496922328655806	
234.89728973619728	43.49788478710323	
233.84736460122315	46.44913448419266	
232.3688436704448	49.326465999295074	
230.39139329464518	52.10045763034027	
227.83388614860147	54.73498209637441	
224.60848058469787	57.18562947701957	
220.6308525050461	59.39844003011426	
215.84000683891153	61.30978304797901	
210.22949616485164	62.84876294100819	
203.88517371840155	63.94374862835341	
197.01226660731848	64.53358579629302	
189.92577078724	64.58110469246526	
182.99103066109097	64.0831681779824	
176.53725545971085	63.07158436193895	
170.79070827252045	61.60431944945556	
165.8566179063596	59.75211166366698	
161.74178678781868	57.58658525233433	
158.39211138851732	55.17289396739834	
155.72556680499875	52.566709798109606	
153.65396406634142	49.81402037243395	
152.09459411331423	46.95227290013649	
150.97514061539536	44.011935912307834	
156.7148418289485	40.13098376469857	
156.11533374430212	37.48600994796736	
155.7955481297442	34.812553964619525	
155.72885606412675	32.12723835248251	
155.8928587176763	29.445043248120026	
156.26890867438516	26.779703628825654	
156.84159339064865	24.144036455201338	
157.59822754860687	21.550206458169693	
158.52837431333967	19.009939015503548	
159.62340073053477	16.5346871296382	
160.8760650139334	14.135757714662667	
162.2801303578567	11.824400612677136	
163.82999945258783	9.611862186039444	
165.5203651077284	7.5094040879951605	
167.34587475735447	5.528286989077912	
169.30080979506033	3.679718717585645	
171.37878438218854	1.974766546388131	
173.57247224366122	0.4242342969704942	
175.87337353755368	-0.9614934378590426	
178.27163653325044	-2.1726353840530783	
180.75594983693813	-3.200218692108645	
183.3135195717021	-4.036294889091241	
185.9301417915259	-4.674153942081541	
188.5903734758857	-5.10852196917129	
191.27779632899805	-5.335727747110915	
193.9753575566859	-5.3538244701071065	
196.66576253749412	-5.162656283080556	
199.33188764294064	-4.763863667291094	
201.95717878951038	-4.1608271929643355	
204.5260032021631	-3.3585546638610446	
207.02392792283663	-2.363521436633821	
209.4379075290293	-1.1834770531325396	
211.75637357243662	0.17276706190307367	
213.96922763731575	1.695554198591277	
216.0677472919621	3.374590146677345	
218.04441883442288	5.199131518480788	
219.89271252511003	7.158146815887402	
221.60681535277027	9.240445227409571	
223.18133396293743	11.434770504513821	
224.61097691736242	13.729859013781896	
225.8902215953126	16.114462119503802	
227.01296729437863	18.577333435772495	
227.97217280333933	21.107181264455644	
228.75947419090363	23.69258579143671	
229.36477709896738	26.32187943571411	
229.7758179413951	28.982987222209026	
229.97769096744875	31.663222287576392	
229.95234471284863	34.34902980672471	
229.67806459795236	37.025671089542904	
229.12898268044185	39.67683902300405	
228.27469744643443	42.284197729854185	
227.0801551467902	44.82684566310181	
225.50604978645282	47.28071641236862	
223.5101469526433	49.61796153134205	
221.05011229726242	51.806412873122056	
218.08856083365126	53.809305195312405	
214.60096859740705	55.58554940080857	
210.58650196013835	57.09094883933573	
206.08039051915782	58.28075743608595	
201.1642439840162	59.113748534713935	
195.96878019931037	59.55739392339109	
190.66401875116748	59.59297406379824	
185.43670801045215	59.21894273758122	
180.46166226412686	58.45121903806692	
175.87748164757852	57.32028407154211	
171.7743672106925	55.86624917314936	
168.1949592984539	54.13358340889467	
165.14376853036674	52.16680343175833	
162.59951856481257	50.007655007226354	
160.5263948133275	47.69369083035151	
158.88248394216325	45.25786447629991	
157.6252796692598	42.7287366814831	
162.9957751319633	38.89334802616873	
162.29529088917775	36.65255189553839	
161.8468359075755	34.37342329469955	
161.63156066811126	32.07229061541428	
161.632463743718	29.764124120287295	
161.8344532114686	27.462776997450558	
162.22426600853464	25.181202108383797	
162.79030237571308	22.931639776752515	
163.52241255765807	20.72577521911825	
164.411658942419	18.57486581450279	
165.45006756924352	16.48983901950338	
166.63037719902843	14.481361814781618	
167.94579093952086	12.55988242103707	
169.3897340038872	10.735644851662652	
170.95562100664043	9.018676814826602	
172.6366368425041	7.418751636577305	
174.42553629515197	5.945325311459534	
176.31446874795438	4.607450525959122	
178.29483537814437	3.4136705290778178	
180.35718666708672	2.371896979179894	
182.4911676373711	1.4892772562476149	
184.68551669767234	0.7720580192915352	
186.92812125194257	0.22545279709798755	
189.20612943226874	-0.1464780937392847	
191.50611280392545	-0.3409271920728272	
193.81427023823693	-0.3564119605618441	
196.11665904852117	-0.19281389702444557	
198.39943661436604	0.1486183077387676	
200.649094584211	0.6653018098788979	
202.8526685513037	1.3533863117866938	
204.99790869740212	2.207849411724546	
207.07340083191903	3.2226137174299208	
209.06863186281518	4.390677722825722	
210.9739983166626	5.704252132039247	
212.7807604780885	7.154893713356557	
214.48094764375958	8.733629702705045	
216.0672217211883	10.431067034006904	
217.53270700248325	12.237482035576932	
218.8707936216851	14.142887514969267	
220.07492126723724	16.137075228810758	
221.1383485087319	18.20963252540233	
222.05391195038285	20.349932434332597	
222.81377867823622	22.547096680328064	
223.40919547409976	24.789931075047214	
223.8302394337378	27.066832581141426	
224.06557747319698	29.36566717879392	
224.10224744083783	31.673617686552344	
223.92548211686065	33.97700117876021	
223.51861045809343	36.26105702649962	
222.86308930744192	38.50970949657109	
221.93874433167662	40.705314162727205	
220.72433060142828	42.82840626770197	
219.19855678805513	44.85748288243776	
217.34174107016588	46.76887008937248	
215.13825845838434	48.53675074488074	
212.57986062002692	50.13345330113628	
209.66975345476777	51.53011704443776	
206.42697379112673	52.69783540167557	
202.8901532089935	53.609313687526715	
199.11936516055977	54.24094677152499	
195.1947271192371	54.57504358736349	
191.21105913513838	54.60176648949011	
187.26915404288457	54.32031360151861	
183.4655597423985	53.73901851325459	
179.88342541393482	52.874338641092535	
176.58649426374257	51.749014519868076	
173.61704558193256	50.389860499812094	
170.9972679598699	48.82563698646773	
168.73279245506743	47.0853087740168	
166.817041720513	45.19681265475874	
165.235403838205	43.186315809441595	
163.9686989278645	41.07787030309896	
169.03436078568313	37.331794429934064	
168.31875627405435	35.5076052134418	
167.81417809403058	33.64035936098854	
167.50966497931415	31.744701138643304	
167.39437809607745	29.834367217401383	
167.45789175461425	27.922276812734772	
167.69035208909378	26.020628243594768	
168.08253768964582	24.140992835058622	
168.62584956515087	22.294400147543055	
169.3122516031609	20.491410676576105	
170.1341775035104	18.74217363908165	
171.08441616463134	17.056468448099494	
172.15598463041616	15.443729151841216	
173.34199578938853	13.913051613696082	
174.63552684877158	12.473183641956977	
176.029493969852	11.132498715436686	
177.5165381397104	9.898954439197762	
179.08892716991025	8.780037421555868	
180.73847847162574	7.782696880847621	
182.4565067985436	6.913269933813371	
184.23380035031667	6.17740212928864	
186.0606274214333	5.579967296376051	
187.92677416544313	5.124991092975745	
189.82161210650878	4.8155826917978155	
191.73419193264192	4.653878770882285	
193.6533580720692	4.641003363145346	
195.56787683658524	4.777046187726437	
197.4665697451381	5.061060904105891	
199.3384431840026	5.491083405865682	
201.17280588356408	6.064168935181029	
202.95936674851816	6.776445584162195	
204.6883072166753	7.623180768052304	
206.35032431798652	8.598856584658483	
207.9366427091251	9.697249645492674	
209.43899593822462	10.911510963009693	
210.8495788734383	12.234241754267897	
212.16097450958753	13.657561500116408	
213.36605923331913	15.173165198186263	
214.45789113661655	16.772367390568277	
215.4295862364884	18.446131172040676	
216.2741876403129	20.18508095342718	
216.9845329719119	21.979498254067654	
217.5531259388667	23.81930024105883	
217.97201898346472	25.69400116152801	
218.23271573142748	27.59265729649369	
218.32610464484748	29.5037966999836	
218.2424390798037	31.415335907680987	
217.97138393631408	33.31448717349733	
217.50215515213284	35.187661819238905	
216.82378490395598	37.0203781724646	
215.92555128599116	38.797186492574006	
214.79761404448473	40.50162827683818	
213.43189371540612	42.11625311292581	
211.82321461922808	43.622721947184004	
209.97069601861295	45.00202954528236	
207.87931512560436	46.234878251663304	
205.56148135807194	47.30222627531918	
203.0383665325118	48.18601317951859	
200.3406612361654	48.870031830658306	
197.5084188106008	49.34087358794138	
194.58974814082026	49.58883268700267	
191.63833524379947	49.60863263700756	
188.71006321611594	49.39984703852947	
185.85925750572477	48.966934397593235	
183.1351979320556	48.31888007785435	
180.57945696440282	47.468514435730036	
178.2243839493151	46.43162917020422	
176.09276258231353	45.22603006487804	
174.19843262446238	43.870645912058286	
172.54754588055295	42.38477441112106	
171.14011909620748	40.787502684881765	
169.97161301916853	39.09730461811228	
174.8048050674369	35.47667350216579	
174.15205294796527	34.0724476276716	
173.6618499023153	32.626197711404046	
173.3296062911394	31.14980931259358	
173.1499965967014	29.654717430245555	
173.11723181591415	28.151896047325106	
173.22526013794396	26.651863565080465	
173.46790533089967	25.164697546862588	
173.83895316432114	23.700053501307558	
174.33219595275915	22.267183626988913	
174.9414444695234	20.87495246781859	
175.66051541704823	19.531847288713713	
176.483201572573	18.245981696439788	
177.4032307675973	17.025091632654817	
178.41421904485293	15.876523386804694	
179.5096226573544	14.807213742097138	
180.68269299230934	13.823662796290439	
181.9264379666028	12.931900398538586	
183.23359289627	12.137447511982273	
184.59660324278346	11.445274137876732	
186.00762095164725	10.859755702266533	
187.4585153118746	10.384629987805193	
188.94089839096608	10.022956768251042	
190.44616417644662	9.777082252589503	
191.96553964083742	9.648610259275612	
193.49014511522986	9.638381720361652	
195.01106068396012	9.746463675687403	
196.5193948670192	9.972148387776128	
198.00635168523692	10.313962628383956	
199.46329232470578	10.769686603864239	
200.88178801806254	11.336381445221857	
202.25366139814147	12.010423731189187	
203.57101438912812	12.787545169896568	
204.82624160574704	13.662875354567667	
206.0120291576813	14.630985435057832	
207.12133964229255	15.685930601464628	
208.1473849122689	16.821289440788576	
209.0835889091716	18.03019848007938	
209.92354346678655	19.30538054657332	
210.66096053899543	20.63916593749925	
211.28962484059866	22.02350578679275	
211.8033514595212	23.44997743916577	
212.19595365791395	24.909782100133246	
212.46122686925	26.393735540031262	
212.59295583468463	27.89225321592005	
212.58495287669624	29.395331868730956	
212.43113638383372	30.89253048623669	
212.1256594774527	32.37295451998922	
211.6630992093682	33.825248409862745	
211.03871598237475	35.2376027660246	
210.24879048739112	36.597783880418454	
209.291040454114	37.89319438521339	
208.16511104705737	39.11097451509773	
206.87312021584427	40.23815309998671	
205.42022388911238	41.26185555162903	
203.8151470991156	42.16957215921759	
202.07060933683204	42.94948363806681	
200.2035610291994	43.59083224356957	
198.23514948672508	44.08431681249083	
196.19035253558278	44.422480669002695	
194.09725797135314	44.60005495141678	
191.98602208281378	44.614219096087496	
189.88759893237972	44.464746493846135	
187.8323779488128	44.154016382281284	
185.84888659944005	43.68689039538083	
183.96270122375495	43.070469918872014	
182.19566699168152	42.3137644227089	
180.56547051292605	41.427308474955446	
179.08555191952274	40.422765481387884	
177.76530014221586	39.31255060871623	
176.61045173240686	38.10949625948577	
175.62360927176135	36.82657345145268	
180.2973619847454	33.35989328640512	
179.77361835576835	32.3714957567269	
179.36184964039953	31.3477095626203	
179.06148420593053	30.297036292897186	
178.87108885786697	29.22786449734114	
178.78851799270336	28.14842118417142	
178.81104247060566	27.066734531910278	
178.93545692583953	25.990605356366586	
179.15816589066898	24.927584997696023	
179.4752502540426	23.884957527521877	
179.88251630016663	22.8697244737119	
180.3755299710504	21.888590586017838	
180.94963915929722	20.947949496397367	
181.5999868343392	20.053868449238912	
182.3215176901615	19.21207158062276	
183.10898081164305	18.427921507360697	
183.95693061257955	17.70639924258332	
184.85972801409395	17.052082682035888	
185.81154351441754	16.469124100448056	
186.80636345450745	15.96122725611208	
187.83800041372245	15.53162481944757	
188.90010828344967	15.183056913308672	
189.98620217552127	14.917751575523123	
191.08968294170373	14.737407925898738	
192.20386572877646	14.64318274157172	
193.3220116904726	14.635681020140222	
194.43736174186543	14.714950946898826	
195.54317108963065	14.880483491109059	
196.63274321384685	15.131216649435965	
197.6994620178323	15.465544146628096	
198.7368209989641	15.881328208503586	
199.73844851570945	16.37591585347178	
200.69812851897353	16.946158017085665	
201.60981646067154	17.58843073741708	
202.46765046938782	18.298657591990814	
203.2659582734128	19.07233259099801	
203.999260739517	19.904542795195148	
204.66227326948726	20.789990036957313	
205.24990664747537	21.723011274958857	
205.75726925421856	22.697597302185326	
206.1796728546996	23.707409749084963	
206.5126444175441	24.7457965749738	
206.75194662584533	25.805806518211966	
206.89360986951266	26.8802032760083	
206.93397853497794	27.961480503556007	
206.86977427905768	29.041879052038	
206.69817862157726	30.11340819287664	
206.41693653052587	31.167872880166854	
206.02448160770965	32.196909352116606	
205.52008191895527	33.19203151976263	
204.90400338492714	34.14469057761428	
204.17768495302306	35.04635002545094	
203.3439166108673	35.88857773904557	
202.40700793352207	36.66315580653484	
201.3729317206527	37.362207524401846	
200.2494249993502	37.97833924749392	
199.04602898468085	38.50479281784149	
197.77405122411005	38.935602260550084	
196.44643759515515	39.265746625288585	
195.07754910562412	39.49128961624397	
193.68284794698687	39.60949632486369	
192.2785076860061	39.61891818882544	
190.88097207682057	39.51943929245065	
189.50649387920646	39.31228011099486	
188.170687837552	38.99995837921071	
186.88813000940746	38.5862103918103	
185.67202935932227	38.075879166835165	
184.5339882744575	37.47477808672406	
183.4838582336104	36.789539648281355	
182.52968708961265	36.027458808518006	
181.67774669781053	35.19633931229144	
180.9326246757328	34.3043496516588	
185.515511033992	31.013226144323408	
185.17342080493432	30.430834386626653	
184.8947900620518	29.8245453728248	
184.68064594077947	29.199299565548788	
184.53144777539177	28.560085814178635	
184.44712905746127	27.911901166782005	
184.42714016505812	27.259714331067112	
184.47049023717565	26.6084325852251	
184.57578700660986	25.96287183750896	
184.74127381318795	25.32772947516257	
184.964863378942	24.707559622841465	
185.24416822745346	24.106750441008565	
185.57652786780122	23.529503128835188	
185.9590330407434	22.97981234711715	
186.38854744537073	22.46144783846808	
186.86172743461168	21.97793708914868	
187.37504019450856	21.532548944657567	
187.92478091217887	21.128278155697014	
188.50708939777246	20.767830889067696	
189.11796656325447	20.453611286825044	
189.75329108199776	20.187709194670152	
190.40883646425132	19.971889205722995	
191.08028869067195	19.807581177880472	
191.76326445511634	19.695872381932183	
192.45332998427602	19.63750142423046	
193.1460203304413	19.632854063402846	
193.83685897889936	19.681961007389027	
194.5213775764243	19.78449773753435	
195.1951355740823	19.939786363509665	
195.85373958692568	20.146799469589997	
196.4928623045418	20.40416587246747	
197.10826083799589	20.710178176276987	
197.695794457423	21.062801984505917	
198.25144175634898	21.459686613074616	
198.77131736891133	21.898177145640002	
199.2516884591192	22.37532768194616	
199.68899129131714	22.88791565298184	
200.0798482720544	23.432457112268086	
200.4210859193248	24.005222959576063	
200.7097542591732	24.602256109902843	
200.94314816527503	25.219389684103703	
201.11883113737284	25.852266365043025	
201.2346619523454	26.49635913065139	
201.28882451026539	27.14699363831867	
201.27986103075884	27.79937258831445	
201.2067085275166	28.44860243136868	
201.06873819888398	29.08972280048628	
200.86579702244921	29.717739032430117	
200.59825044026704	30.327658093065573	
200.2670245860166	30.914528126659352	
199.8736460634314	31.473481707759596	
199.42027687517728	31.999782683926878	
198.9097417717248	32.48887626115283	
198.3455450967109	32.93644170974069	
197.73187420648452	33.33844677172755	
197.0735867878781	33.691202553331166	
196.37617992341373	33.99141741496935	
195.64573956280748	34.23624815829013	
194.8888701225751	34.42334668556756	
194.11260517964973	34.550900298426725	
193.3243015401997	34.617663927413254	
192.53152021478712	34.62298284503987	
191.74189887137663	34.56680480011962	
190.96302103960414	34.449680991854535	
190.2022876122254	34.27275583657603	
189.46679599669397	34.03774601886114	
188.76323163696972	33.74690981197386	
188.09777563534666	33.40300805671595	
187.4760309801591	33.009258471682145	
186.90296857099028	32.569285116232294	
186.38289296781215	32.08706484117108	
185.91942668994926	31.566872456326386	
190.47265815881374	28.467121684748978	
190.35142232059073	28.276971657233478	
190.2498579105425	28.078172932968535	
190.1686450270713	27.87227988897795	
190.10829496614213	27.660892803290345	
190.06915003311155	27.445644790888277	
190.05138484056087	27.228188803261258	
190.05500894289165	27.010184795349247	
190.07987065627808	26.793287151177836	
190.12566191579376	26.57913244752725	
190.19192402902573	26.369327623912426	
190.27805419612653	26.16543861723685	
190.38331267893352	25.96897951085608	
190.5068305155097	25.781402240487537	
190.6476176903683	25.604086893384274	
190.80457168403112	25.438332632336696	
190.9764863379138	25.285349272215615	
191.1620609814606	25.146249533729968	
191.3599097777637	25.0220419966383	
191.56857125152996	24.913624772624555	
191.7865179692458	24.82177991623984	
192.0121663458772	24.747168590565487	
192.2438865556246	24.690327002441744	
192.4800125263705	24.651663120144715	
192.718851998757	24.631454184230364	
192.95869663155102	24.629845019886062	
193.1978321353059	24.646847156557705	
193.43454841646775	24.682338757899327	
193.66714971411545	24.73606536228891	
193.8939647114941	24.807641431343708	
194.11335660438695	24.896552701128503	
194.32373310806486	25.002159328147552	
194.52355638391023	25.123699819797295	
194.71135286562932	25.26029573675594	
194.88572296300794	25.41095715279143	
195.04535061818356	25.57458885563831	
195.18901268516373	25.74999727084363	
195.31558809760003	25.93589808869491	
195.42406678249296	26.130924572365192	
195.51355826847777	26.33363652305972	
195.58329992668038	26.542529875028603	
195.63266477001434	26.75604688961307	
195.6611687235471	26.972586912825733	
195.66847726470127	27.19051765515688	
195.65441131824386	27.408186945226632	
195.61895227808625	27.623934900505084	
195.5622460168546	27.83610644862341	
195.48460573606812	28.04306412191815	
195.38651350572218	28.243201036022832	
195.2686203432317	28.434953950895256	
195.13174468905473	28.61681630011347	
194.9768691507149	28.787351062164095	
194.8051354088843	28.94520333644413	
194.61783720881684	29.089112477521045	
194.416411397398	29.217923634577694	
194.2024270095569	29.33059853960932	
193.9775724563882	29.42622538845241	
193.74364091918613	29.50402766357942	
193.5025141064112	29.563371757072353	
193.25614458181636	29.603773266337562	
193.00653691887328	29.624901853739694	
192.75572797664478	29.626584583943025	
192.50576662303527	29.608807678637724	
192.25869325107283	29.571716656569702	
192.01651944133243	29.515614856302975	
191.78120811834248	29.440960368756407	
191.5546545311446	29.348361435097452	
191.33866835919196	29.238570391942698	
191.13495720619883	29.112476269049605	
190.94511169865638	28.971096164029845	
190.77059235507207	28.81556553355858	
190.6127183392597	28.647127550842445	
