15.1890 -25.7500
15.3156 -25.9359
15.4241 -26.1309
15.5136 -26.3336
15.5833 -26.5425
15.6327 -26.7560
15.6612 -26.9726
15.6685 -27.1905
15.6544 -27.4082
15.6190 -27.6239
15.5622 -27.8361
15.4846 -28.0431
15.3865 -28.2432
15.2686 -28.4350
15.1317 -28.6168
14.9769 -28.7874
14.8051 -28.9452
14.6178 -29.0891
14.4164 -29.2179
14.2024 -29.3306
13.9776 -29.4262
13.7436 -29.5040
13.5025 -29.5634
13.2561 -29.6038
13.0065 -29.6249
12.7557 -29.6266
12.5058 -29.6088
12.2587 -29.5717
12.0165 -29.5156
11.7812 -29.4410
11.5547 -29.3484
11.3387 -29.2386
11.1350 -29.1125
10.9451 -28.9711
10.7706 -28.8156
10.6127 -28.6471
10.4727 -28.4671
10.3514 -28.2770
10.2499 -28.0782
10.1686 -27.8723
10.1083 -27.6609
10.0692 -27.4456
10.0514 -27.2282
10.0550 -27.0102
10.0799 -26.7933
10.1257 -26.5791
10.1919 -26.3693
10.2781 -26.1654
10.3833 -25.9690
10.5068 -25.7814
10.6476 -25.6041
10.8046 -25.4383
10.9765 -25.2853
11.1621 -25.1462
11.3599 -25.0220
11.5686 -24.9136
11.7865 -24.8218
12.0122 -24.7472
12.2439 -24.6903
12.4800 -24.6517
12.7189 -24.6315
12.9587 -24.6298
13.1978 -24.6468
13.4345 -24.6823
13.6671 -24.7361
13.8940 -24.8076
14.1134 -24.8966
14.3237 -25.0022
14.5236 -25.1237
14.7114 -25.2603
14.8857 -25.4110
15.0454 -25.5746
19.6890 -22.8879
20.0798 -23.4325
20.4211 -24.0052
20.7098 -24.6023
20.9431 -25.2194
21.1188 -25.8523
21.2347 -26.4964
21.2888 -27.1470
21.2799 -27.7994
21.2067 -28.4486
21.0687 -29.0897
20.8658 -29.7177
20.5983 -30.3277
20.2670 -30.9145
19.8736 -31.4735
19.4203 -31.9998
18.9097 -32.4889
18.3455 -32.9364
17.7319 -33.3384
17.0736 -33.6912
16.3762 -33.9914
15.6457 -34.2362
14.8889 -34.4233
14.1126 -34.5509
13.3243 -34.6177
12.5315 -34.6230
11.7419 -34.5668
10.9630 -34.4497
10.2023 -34.2728
9.4668 -34.0377
8.7632 -33.7469
8.0978 -33.4030
7.4760 -33.0093
6.9030 -32.5693
6.3829 -32.0871
5.9194 -31.5669
5.5155 -31.0132
5.1734 -30.4308
4.8948 -29.8245
4.6806 -29.1993
4.5314 -28.5601
4.4471 -27.9119
4.4271 -27.2597
4.4705 -26.6084
4.5758 -25.9629
4.7413 -25.3277
4.9649 -24.7076
5.2442 -24.1068
5.5765 -23.5295
5.9590 -22.9798
6.3885 -22.4614
6.8617 -21.9779
7.3750 -21.5325
7.9248 -21.1283
8.5071 -20.7678
9.1180 -20.4536
9.7533 -20.1877
10.4088 -19.9719
11.0803 -19.8076
11.7633 -19.6959
12.4533 -19.6375
13.1460 -19.6329
13.8369 -19.6820
14.5214 -19.7845
15.1951 -19.9398
15.8537 -20.1468
16.4929 -20.4042
17.1083 -20.7102
17.6958 -21.0628
18.2514 -21.4597
18.7713 -21.8982
19.2517 -22.3753
23.9993 -19.9045
24.6623 -20.7900
25.2499 -21.7230
25.7573 -22.6976
26.1797 -23.7074
26.5126 -24.7458
26.7519 -25.8058
26.8936 -26.8802
26.9340 -27.9615
26.8698 -29.0419
26.6982 -30.1134
26.4169 -31.1679
26.0245 -32.1969
25.5201 -33.1920
24.9040 -34.1447
24.1777 -35.0464
23.3439 -35.8886
22.4070 -36.6632
21.3729 -37.3622
20.2494 -37.9783
19.0460 -38.5048
17.7741 -38.9356
16.4464 -39.2657
15.0775 -39.4913
13.6828 -39.6095
12.2785 -39.6189
10.8810 -39.5194
9.5065 -39.3123
8.1707 -39.0000
6.8881 -38.5862
5.6720 -38.0759
4.5340 -37.4748
3.4839 -36.7895
2.5297 -36.0275
1.6777 -35.1963
0.9326 -34.3043
0.2974 -33.3599
359.7736 -32.3715
359.3618 -31.3477
359.0615 -30.2970
358.8711 -29.2279
358.7885 -28.1484
358.8110 -27.0667
358.9355 -25.9906
359.1582 -24.9276
359.4753 -23.8850
359.8825 -22.8697
0.3755 -21.8886
0.9496 -20.9479
1.6000 -20.0539
2.3215 -19.2121
3.1090 -18.4279
3.9569 -17.7064
4.8597 -17.0521
5.8115 -16.4691
6.8064 -15.9612
7.8380 -15.5316
8.9001 -15.1831
9.9862 -14.9178
11.0897 -14.7374
12.2039 -14.6432
13.3220 -14.6357
14.4374 -14.7150
15.5432 -14.8805
16.6327 -15.1312
17.6995 -15.4655
18.7368 -15.8813
19.7384 -16.3759
20.6981 -16.9462
21.6098 -17.5884
22.4677 -18.2987
23.2660 -19.0723
28.1474 -16.8213
29.0836 -18.0302
29.9235 -19.3054
30.6610 -20.6392
31.2896 -22.0235
31.8034 -23.4500
32.1960 -24.9098
32.4612 -26.3937
32.5930 -27.8923
32.5850 -29.3953
32.4311 -30.8925
32.1257 -32.3730
31.6631 -33.8252
31.0387 -35.2376
30.2488 -36.5978
29.2910 -37.8932
28.1651 -39.1110
26.8731 -40.2382
25.4202 -41.2619
23.8151 -42.1696
22.0706 -42.9495
20.2036 -43.5908
18.2351 -44.0843
16.1904 -44.4225
14.0973 -44.6001
11.9860 -44.6142
9.8876 -44.4647
7.8324 -44.1540
5.8489 -43.6869
3.9627 -43.0705
2.1957 -42.3138
0.5655 -41.4273
359.0856 -40.4228
357.7653 -39.3126
356.6105 -38.1095
355.6236 -36.8266
354.8048 -35.4767
354.1521 -34.0724
353.6618 -32.6262
353.3296 -31.1498
353.1500 -29.6547
353.1172 -28.1519
353.2253 -26.6519
353.4679 -25.1647
353.8390 -23.7001
354.3322 -22.2672
354.9414 -20.8750
355.6605 -19.5318
356.4832 -18.2460
357.4032 -17.0251
358.4142 -15.8765
359.5096 -14.8072
0.6827 -13.8237
1.9264 -12.9319
3.2336 -12.1374
4.5966 -11.4453
6.0076 -10.8598
7.4585 -10.3846
8.9409 -10.0230
10.4462 -9.7771
11.9655 -9.6486
13.4901 -9.6384
15.0111 -9.7465
16.5194 -9.9721
18.0064 -10.3140
19.4633 -10.7697
20.8818 -11.3364
22.2537 -12.0104
23.5710 -12.7875
24.8262 -13.6629
26.0120 -14.6310
27.1213 -15.6859
32.1610 -13.6576
33.3661 -15.1732
34.4579 -16.7724
35.4296 -18.4461
36.2742 -20.1851
36.9845 -21.9795
37.5531 -23.8193
37.9720 -25.6940
38.2327 -27.5927
38.3261 -29.5038
38.2424 -31.4153
37.9714 -33.3145
37.5022 -35.1877
36.8238 -37.0204
35.9256 -38.7972
34.7976 -40.5016
33.4319 -42.1163
31.8232 -43.6227
29.9707 -45.0020
27.8793 -46.2349
25.5615 -47.3022
23.0384 -48.1860
20.3407 -48.8700
17.5084 -49.3409
14.5897 -49.5888
11.6383 -49.6086
8.7101 -49.3998
5.8593 -48.9669
3.1352 -48.3189
0.5795 -47.4685
358.2244 -46.4316
356.0928 -45.2260
354.1984 -43.8706
352.5475 -42.3848
351.1401 -40.7875
349.9716 -39.0973
349.0344 -37.3318
348.3188 -35.5076
347.8142 -33.6404
347.5097 -31.7447
347.3944 -29.8344
347.4579 -27.9223
347.6904 -26.0206
348.0825 -24.1410
348.6258 -22.2944
349.3123 -20.4914
350.1342 -18.7422
351.0844 -17.0565
352.1560 -15.4437
353.3420 -13.9131
354.6355 -12.4732
356.0295 -11.1325
357.5165 -9.8990
359.0889 -8.7800
0.7385 -7.7827
2.4565 -6.9133
4.2338 -6.1774
6.0606 -5.5800
7.9268 -5.1250
9.8216 -4.8156
11.7342 -4.6539
13.6534 -4.6410
15.5679 -4.7770
17.4666 -5.0611
19.3384 -5.4911
21.1728 -6.0642
22.9594 -6.7764
24.6883 -7.6232
26.3503 -8.5989
27.9366 -9.6972
29.4390 -10.9115
30.8496 -12.2342
36.0672 -10.4311
37.5327 -12.2375
38.8708 -14.1429
40.0749 -16.1371
41.1383 -18.2096
42.0539 -20.3499
42.8138 -22.5471
43.4092 -24.7899
43.8302 -27.0668
44.0656 -29.3657
44.1022 -31.6736
43.9255 -33.9770
43.5186 -36.2611
42.8631 -38.5097
41.9387 -40.7053
40.7243 -42.8284
39.1986 -44.8575
37.3417 -46.7689
35.1383 -48.5368
32.5799 -50.1335
29.6698 -51.5301
26.4270 -52.6978
22.8902 -53.6093
19.1194 -54.2409
15.1947 -54.5750
11.2111 -54.6018
7.2692 -54.3203
3.4656 -53.7390
359.8834 -52.8743
356.5865 -51.7490
353.6170 -50.3899
350.9973 -48.8256
348.7328 -47.0853
346.8170 -45.1968
345.2354 -43.1863
343.9687 -41.0779
342.9958 -38.8933
342.2953 -36.6526
341.8468 -34.3734
341.6316 -32.0723
341.6325 -29.7641
341.8345 -27.4628
342.2243 -25.1812
342.7903 -22.9316
343.5224 -20.7258
344.4117 -18.5749
345.4501 -16.4898
346.6304 -14.4814
347.9458 -12.5599
349.3897 -10.7356
350.9556 -9.0187
352.6366 -7.4188
354.4255 -5.9453
356.3145 -4.6075
358.2948 -3.4137
0.3572 -2.3719
2.4912 -1.4893
4.6855 -0.7721
6.9281 -0.2255
9.2061 0.1465
11.5061 0.3409
13.8143 0.3564
16.1167 0.1928
18.3994 -0.1486
20.6491 -0.6653
22.8527 -1.3534
24.9979 -2.2078
27.0734 -3.2226
29.0686 -4.3907
30.9740 -5.7043
32.7808 -7.1549
34.4809 -8.7336
39.8927 -7.1581
41.6068 -9.2404
43.1813 -11.4348
44.6110 -13.7299
45.8902 -16.1145
47.0130 -18.5773
47.9722 -21.1072
48.7595 -23.6926
49.3648 -26.3219
49.7758 -28.9830
49.9777 -31.6632
49.9523 -34.3490
49.6781 -37.0257
49.1290 -39.6768
48.2747 -42.2842
47.0802 -44.8268
45.5060 -47.2807
43.5101 -49.6180
41.0501 -51.8064
38.0886 -53.8093
34.6010 -55.5855
30.5865 -57.0909
26.0804 -58.2808
21.1642 -59.1137
15.9688 -59.5574
10.6640 -59.5930
5.4367 -59.2189
0.4617 -58.4512
355.8775 -57.3203
351.7744 -55.8662
348.1950 -54.1336
345.1438 -52.1668
342.5995 -50.0077
340.5264 -47.6937
338.8825 -45.2579
337.6253 -42.7287
336.7148 -40.1310
336.1153 -37.4860
335.7955 -34.8126
335.7289 -32.1272
335.8929 -29.4450
336.2689 -26.7797
336.8416 -24.1440
337.5982 -21.5502
338.5284 -19.0099
339.6234 -16.5347
340.8761 -14.1358
342.2801 -11.8244
343.8300 -9.6119
345.5204 -7.5094
347.3459 -5.5283
349.3008 -3.6797
351.3788 -1.9748
353.5725 -0.4242
355.8734 0.9615
358.2716 2.1726
0.7559 3.2002
3.3135 4.0363
5.9301 4.6742
8.5904 5.1085
11.2778 5.3357
13.9754 5.3538
16.6658 5.1627
19.3319 4.7639
21.9572 4.1608
24.5260 3.3586
27.0239 2.3635
29.4379 1.1835
31.7564 -0.1728
33.9692 -1.6956
36.0677 -3.3746
38.0444 -5.1991
43.6634 -3.8541
45.6116 -6.1983
47.4093 -8.6649
49.0534 -11.2416
50.5404 -13.9165
51.8664 -16.6779
53.0264 -19.5144
54.0134 -22.4147
54.8188 -25.3675
55.4310 -28.3613
55.8349 -31.3843
56.0114 -34.4239
55.9359 -37.4665
55.5774 -40.4969
54.8973 -43.4979
53.8474 -46.4491
52.3688 -49.3265
50.3914 -52.1005
47.8339 -54.7350
44.6085 -57.1856
40.6309 -59.3984
35.8400 -61.3098
30.2295 -62.8488
23.8852 -63.9437
17.0123 -64.5336
9.9258 -64.5811
2.9910 -64.0832
356.5373 -63.0716
350.7907 -61.6043
345.8566 -59.7521
341.7418 -57.5866
338.3921 -55.1729
335.7256 -52.5667
333.6540 -49.8140
332.0946 -46.9523
330.9751 -44.0119
330.2348 -41.0180
329.8238 -37.9914
329.7019 -34.9498
329.8367 -31.9086
330.2028 -28.8819
330.7802 -25.8821
331.5531 -22.9214
332.5095 -20.0113
333.6401 -17.1629
334.9378 -14.3877
336.3974 -11.6970
338.0145 -9.1025
339.7859 -6.6160
341.7083 -4.2498
343.7786 -2.0164
345.9929 0.0716
348.3466 2.0013
350.8334 3.7600
353.4457 5.3349
356.1735 6.7143
359.0047 7.8868
1.9251 8.8423
4.9181 9.5723
7.9650 10.0700
11.0457 10.3304
14.1391 10.3512
17.2236 10.1320
20.2778 9.6751
23.2814 8.9848
26.2156 8.0676
29.0634 6.9319
31.8099 5.5875
34.4429 4.0455
36.9521 2.3178
39.3292 0.4167
41.5680 -1.6449
47.4049 -0.5336
49.5703 -3.1264
51.5750 -5.8492
53.4187 -8.6886
55.1013 -11.6321
56.6218 -14.6678
57.9778 -17.7842
59.1655 -20.9703
60.1787 -24.2156
61.0083 -27.5095
61.6412 -30.8414
62.0596 -34.2003
62.2397 -37.5745
62.1492 -40.9511
61.7460 -44.3155
60.9738 -47.6500
59.7591 -50.9333
58.0056 -54.1381
55.5887 -57.2290
52.3522 -60.1589
48.1104 -62.8650
42.6679 -65.2641
35.8748 -67.2504
27.7320 -68.7016
18.5220 -69.4991
8.8556 -69.5639
359.5150 -68.8890
351.1582 -67.5429
344.1256 -65.6400
338.4578 -63.3041
334.0222 -60.6445
330.6260 -57.7482
328.0796 -54.6814
326.2212 -51.4934
324.9210 -48.2216
324.0782 -44.8942
323.6157 -41.5337
323.4746 -38.1581
323.6104 -34.7825
323.9896 -31.4201
324.5869 -28.0827
325.3835 -24.7815
326.3657 -21.5271
327.5238 -18.3299
328.8511 -15.2007
330.3433 -12.1503
331.9980 -9.1901
333.8139 -6.3318
335.7908 -3.5879
337.9285 -0.9717
340.2267 1.5034
342.6845 3.8228
345.2996 5.9718
348.0680 7.9355
350.9831 9.6987
354.0358 11.2468
357.2134 12.5659
0.5000 13.6431
3.8763 14.4675
7.3200 15.0302
10.8061 15.3250
14.3082 15.3485
17.7990 15.1004
21.2518 14.5836
24.6415 13.8039
27.9451 12.7696
31.1427 11.4915
34.2180 9.9820
37.1576 8.2549
39.9518 6.3248
42.5938 4.2066
45.0790 1.9156
51.1423 2.7893
53.5058 -0.0398
55.6987 -3.0031
57.7245 -6.0867
59.5869 -9.2773
61.2886 -12.5628
62.8310 -15.9320
64.2140 -19.3743
65.4351 -22.8798
66.4891 -26.4391
67.3670 -30.0429
68.0550 -33.6822
68.5334 -37.3474
68.7741 -41.0286
68.7378 -44.7143
68.3696 -48.3915
67.5929 -52.0437
66.2994 -55.6499
64.3352 -59.1811
61.4808 -62.5963
57.4261 -65.8347
51.7505 -68.8044
43.9513 -71.3668
33.6268 -73.3251
20.9430 -74.4437
7.1326 -74.5361
354.1343 -73.5849
343.3648 -71.7547
335.1499 -69.2809
329.1442 -66.3702
324.8426 -63.1705
321.8059 -59.7809
319.7058 -56.2663
318.3089 -52.6707
317.4518 -49.0248
317.0193 -45.3506
316.9300 -41.6654
317.1260 -37.9826
317.5657 -34.3138
318.2191 -30.6694
319.0653 -27.0588
320.0896 -23.4911
321.2823 -19.9756
322.6376 -16.5217
324.1525 -13.1392
325.8266 -9.8384
327.6611 -6.6306
329.6585 -3.5277
331.8222 -0.5426
334.1560 2.3107
336.6634 5.0173
339.3471 7.5611
342.2082 9.9253
345.2458 12.0924
348.4556 14.0445
351.8297 15.7636
355.3555 17.2326
359.0156 18.4354
2.7876 19.3579
6.6443 19.9885
10.5548 20.3193
14.4856 20.3456
18.4020 20.0673
22.2703 19.4879
26.0590 18.6152
29.7402 17.4599
33.2905 16.0358
36.6918 14.3586
39.9307 12.4455
42.9985 10.3143
45.8903 7.9829
48.6046 5.4688
54.9008 6.1002
57.4410 3.0470
59.8009 -0.1417
61.9886 -3.4510
64.0120 -6.8673
65.8783 -10.3785
67.5930 -13.9733
69.1605 -17.6418
70.5828 -21.3748
71.8596 -25.1638
72.9875 -29.0009
73.9591 -32.8788
74.7619 -36.7900
75.3765 -40.7273
75.7740 -44.6828
75.9115 -48.6480
75.7258 -52.6126
75.1214 -56.5634
73.9522 -60.4826
71.9862 -64.3435
68.8442 -68.1034
63.8868 -71.6883
56.0381 -74.9616
43.6813 -77.6623
25.5294 -79.3381
3.8354 -79.4829
344.7537 -78.0406
331.4424 -75.4790
322.9429 -72.2813
317.5782 -68.7380
314.1778 -65.0019
312.0412 -61.1547
310.7540 -57.2434
310.0644 -53.2965
309.8142 -49.3333
309.9012 -45.3675
310.2573 -41.4096
310.8368 -37.4686
311.6087 -33.5523
312.5521 -29.6682
313.6537 -25.8235
314.9051 -22.0256
316.3024 -18.2824
317.8447 -14.6021
319.5338 -10.9939
321.3735 -7.4675
323.3693 -4.0339
325.5281 -0.7052
327.8576 2.5054
330.3660 5.5831
333.0615 8.5117
335.9514 11.2736
339.0415 13.8498
342.3347 16.2200
345.8305 18.3630
349.5233 20.2572
353.4013 21.8815
357.4459 23.2155
1.6313 24.2414
5.9245 24.9441
10.2866 25.3132
14.6748 25.3426
19.0446 25.0320
23.3526 24.3862
27.5591 23.4152
31.6302 22.1332
35.5385 20.5577
39.2643 18.7086
42.7947 16.6070
46.1231 14.2746
49.2481 11.7325
52.1722 9.0013
58.7059 9.3847
61.3988 6.1194
63.9021 2.7206
66.2289 -0.7963
68.3922 -4.4172
70.4034 -8.1300
72.2729 -11.9236
74.0096 -15.7885
75.6206 -19.7162
77.1110 -23.6990
78.4839 -27.7302
79.7396 -31.8036
80.8751 -35.9135
81.8832 -40.0546
82.7508 -44.2219
83.4562 -48.4103
83.9649 -52.6145
84.2215 -56.8284
84.1352 -61.0448
83.5505 -65.2531
82.1844 -69.4370
79.4725 -73.5659
74.1510 -77.5728
62.9642 -81.2747
37.4831 -84.0572
354.8949 -84.3369
325.7901 -81.8515
312.9354 -78.2427
306.9256 -74.2698
303.8843 -70.1555
302.3377 -65.9783
301.6434 -61.7728
301.4846 -57.5570
301.6897 -53.3420
302.1596 -49.1357
302.8339 -44.9442
303.6754 -40.7729
304.6603 -36.6269
305.7745 -32.5112
307.0097 -28.4311
308.3624 -24.3922
309.8324 -20.4006
311.4222 -16.4628
313.1367 -12.5865
314.9827 -8.7799
316.9688 -5.0524
319.1049 -1.4148
321.4027 2.1210
323.8745 5.5413
326.5336 8.8309
329.3936 11.9723
332.4673 14.9465
335.7664 17.7322
339.2995 20.3061
343.0711 22.6436
347.0797 24.7189
351.3156 26.5057
355.7598 27.9789
0.3827 29.1154
5.1443 29.8960
9.9954 30.3065
14.8804 30.3393
19.7415 29.9937
24.5223 29.2762
29.1723 28.1999
33.6498 26.7833
37.9233 25.0489
41.9721 23.0217
45.7849 20.7276
49.3591 18.1927
52.6980 15.4419
55.8099 12.4987
62.5834 12.6278
65.4022 9.1626
68.0227 5.5688
70.4638 1.8627
72.7433 -1.9416
74.8775 -5.8320
76.8814 -9.7978
78.7684 -13.8298
80.5507 -17.9200
82.2392 -22.0613
83.8433 -26.2478
85.3717 -30.4738
86.8318 -34.7348
88.2298 -39.0264
89.5712 -43.3449
90.8601 -47.6869
92.0991 -52.0494
93.2892 -56.4294
94.4280 -60.8246
95.5079 -65.2324
96.5108 -69.6506
97.3929 -74.0769
98.0372 -78.5091
98.0227 -82.9439
94.0669 -87.3687
294.7701 -88.1253
287.8662 -83.7098
287.6147 -79.2752
288.1923 -74.8423
289.0453 -70.4148
290.0315 -65.9950
291.0999 -61.5853
292.2292 -57.1878
293.4107 -52.8049
294.6413 -48.4393
295.9214 -44.0935
297.2535 -39.7707
298.6414 -35.4742
300.0903 -31.2076
301.6064 -26.9752
303.1969 -22.7815
304.8701 -18.6320
306.6355 -14.5325
308.5036 -10.4899
310.4863 -6.5120
312.5970 -2.6079
314.8502 1.2121
317.2622 4.9361
319.8504 8.5504
322.6335 12.0391
325.6311 15.3841
328.8628 18.5649
332.3472 21.5579
336.1007 24.3372
340.1350 26.8741
344.4549 29.1380
349.0552 31.0971
353.9178 32.7198
359.0097 33.9768
4.2823 34.8428
9.6727 35.2992
15.1082 35.3356
20.5119 34.9513
25.8097 34.1549
30.9367 32.9639
35.8417 31.4023
40.4890 29.4991
44.8581 27.2856
48.9416 24.7936
52.7429 22.0541
56.2728 19.0961
59.5468 15.9460
66.5596 15.8136
69.4742 12.1610
72.1833 8.3881
74.7115 4.5115
77.0817 0.5452
79.3149 -3.4990
81.4304 -7.6106
83.4460 -11.7809
85.3787 -16.0021
87.2445 -20.2677
89.0592 -24.5717
90.8391 -28.9090
92.6015 -33.2750
94.3658 -37.6653
96.1552 -42.0759
97.9987 -46.5030
99.9355 -50.9424
102.0215 -55.3897
104.3420 -59.8392
107.0376 -64.2835
110.3602 -68.7103
114.8141 -73.0968
121.5649 -77.3915
133.8777 -81.4447
162.3328 -84.6618
215.3781 -85.0059
248.5800 -82.0922
262.5781 -78.1163
269.9533 -73.8476
274.6906 -69.4719
278.1618 -65.0500
280.9432 -60.6077
283.3164 -56.1584
285.4357 -51.7103
287.3936 -47.2692
289.2501 -42.8397
291.0465 -38.4260
292.8133 -34.0318
294.5746 -29.6614
296.3502 -25.3188
298.1578 -21.0087
300.0136 -16.7361
301.9336 -12.5067
303.9337 -8.3272
306.0307 -4.2048
308.2422 -0.1483
310.5873 3.8323
313.0866 7.7254
315.7627 11.5172
318.6400 15.1919
321.7445 18.7307
325.1035 22.1118
328.7444 25.3102
332.6932 28.2968
336.9721 31.0392
341.5954 33.5014
346.5659 35.6450
351.8692 37.4308
357.4701 38.8210
3.3098 39.7827
9.3076 40.2909
15.3661 40.3315
21.3817 39.9034
27.2550 39.0186
32.9020 37.7002
38.2599 35.9802
43.2895 33.8956
47.9730 31.4856
52.3106 28.7890
56.3150 25.8421
60.0074 22.6782
63.4131 19.3267
70.6615 18.9247
73.6382 15.0984
76.4042 11.1633
78.9902 7.1355
81.4237 3.0288
83.7301 -1.1452
85.9327 -5.3766
88.0532 -9.6569
90.1124 -13.9786
92.1311 -18.3353
94.1305 -22.7211
96.1333 -27.1304
98.1654 -31.5580
100.2570 -35.9986
102.4458 -40.4467
104.7808 -44.8960
107.3291 -49.3387
110.1864 -53.7649
113.4964 -58.1602
117.4866 -62.5027
122.5366 -66.7559
129.3169 -70.8533
139.0619 -74.6627
153.9576 -77.9027
176.5469 -79.9983
204.5064 -80.1842
228.4541 -78.3682
244.5295 -75.2746
254.9771 -71.5373
262.1599 -67.4775
267.4496 -63.2453
271.5899 -58.9150
274.9981 -54.5270
277.9216 -50.1049
280.5154 -45.6643
282.8818 -41.2155
285.0920 -36.7667
287.1974 -32.3244
289.2374 -27.8942
291.2434 -23.4813
293.2417 -19.0911
295.2555 -14.7290
297.3062 -10.4008
299.4146 -6.1128
301.6015 -1.8724
303.8884 2.3122
306.2982 6.4313
308.8559 10.4736
311.5887 14.4259
314.5267 18.2722
317.7027 21.9938
321.1526 25.5684
324.9141 28.9693
329.0254 32.1654
333.5225 35.1201
338.4346 37.7922
343.7775 40.1355
349.5461 42.1016
355.7057 43.6421
2.1867 44.7133
8.8840 45.2812
15.6654 45.3267
22.3872 44.8481
28.9140 43.8618
35.1351 42.3995
40.9747 40.5036
46.3922 38.2218
51.3781 35.6032
55.9451 32.6942
60.1207 29.5371
63.9398 26.1692
67.4408 22.6226
74.9167 21.9423
77.9174 17.9577
80.7057 13.8782
83.3177 9.7196
85.7856 5.4950
88.1381 1.2154
90.4019 -3.1098
92.6018 -7.4724
94.7619 -11.8651
96.9064 -16.2814
99.0609 -20.7150
101.2531 -25.1597
103.5151 -29.6092
105.8849 -34.0565
108.4103 -38.4938
111.1529 -42.9110
114.1956 -47.2957
117.6534 -51.6305
121.6914 -55.8906
126.5529 -60.0387
132.6034 -64.0158
140.3920 -67.7252
150.6945 -71.0050
164.3744 -73.5915
181.6493 -75.1159
200.8103 -75.2439
218.6001 -73.9419
232.9234 -71.5106
243.7515 -68.3284
251.9129 -64.6793
258.2184 -60.7401
263.2548 -56.6166
267.4149 -52.3727
270.9595 -48.0488
274.0646 -43.6713
276.8524 -39.2586
279.4104 -34.8241
281.8034 -30.3779
284.0810 -25.9283
286.2828 -21.4823
288.4418 -17.0463
290.5862 -12.6266
292.7418 -8.2294
294.9331 -3.8611
297.1841 0.4711
299.5195 4.7593
301.9654 8.9941
304.5503 13.1650
307.3057 17.2592
310.2669 21.2615
313.4737 25.1534
316.9707 28.9127
320.8074 32.5121
325.0370 35.9188
329.7138 39.0931
334.8880 41.9882
340.5975 44.5498
346.8551 46.7182
353.6339 48.4313
0.8542 49.6307
8.3786 50.2697
16.0227 50.3209
23.5819 49.7822
30.8661 48.6767
37.7284 47.0484
44.0793 44.9543
49.8835 42.4562
55.1481 39.6147
59.9074 36.4851
64.2104 33.1155
68.1111 29.5468
71.6631 25.8131
79.3528 24.8458
82.3348 20.7203
85.1076 16.5163
87.7120 12.2486
90.1835 7.9293
92.5538 3.5688
94.8519 -0.8242
97.1047 -5.2419
99.3386 -9.6769
101.5804 -14.1227
103.8582 -18.5723
106.2034 -23.0188
108.6516 -27.4543
111.2455 -31.8700
114.0380 -36.2551
117.0959 -40.5959
120.5068 -44.8748
124.3867 -49.0676
128.8930 -53.1406
134.2389 -57.0452
140.7094 -60.7102
148.6647 -64.0307
158.4928 -66.8548
170.4382 -68.9792
184.2597 -70.1757
198.9444 -70.2740
213.0089 -69.2583
225.3155 -67.2782
235.5003 -64.5591
243.7523 -61.3121
250.4517 -57.6979
255.9693 -53.8288
260.6036 -49.7810
264.5792 -45.6061
268.0618 -41.3402
271.1738 -37.0086
274.0068 -32.6301
276.6310 -28.2189
279.1011 -23.7861
281.4613 -19.3410
283.7485 -14.8914
285.9944 -10.4445
288.2277 -6.0070
290.4754 -1.5859
292.7637 2.8119
295.1196 7.1786
297.5714 11.5057
300.1504 15.7831
302.8913 19.9991
305.8340 24.1394
309.0245 28.1866
312.5161 32.1193
316.3709 35.9108
320.6591 39.5274
325.4583 42.9276
330.8484 46.0598
336.9014 48.8614
343.6641 51.2600
351.1322 53.1756
359.2222 54.5295
7.7545 55.2555
16.4641 55.3138
25.0477 54.7013
33.2298 53.4518
40.8139 51.6277
47.7006 49.3068
53.8739 46.5693
59.3738 43.4895
64.2695 40.1316
68.6403 36.5491
72.5647 32.7853
76.1144 28.8749
83.9969 27.6122
86.9128 23.3660
89.6291 19.0597
92.1900 14.7063
94.6332 10.3170
96.9921 5.9009
99.2967 1.4663
101.5753 -2.9794
103.8553 -7.4290
106.1648 -11.8755
108.5334 -16.3115
110.9937 -20.7289
113.5832 -25.1185
116.3460 -29.4694
119.3356 -33.7680
122.6182 -37.9974
126.2769 -42.1355
130.4174 -46.1530
135.1731 -50.0104
140.7099 -53.6537
147.2240 -57.0095
154.9228 -59.9786
163.9691 -62.4341
174.3735 -64.2270
185.8587 -65.2122
197.8075 -65.2922
209.4253 -64.4586
220.0460 -62.7955
229.3326 -60.4435
237.2550 -57.5533
243.9593 -54.2565
249.6502 -50.6569
254.5281 -46.8322
258.7645 -42.8392
262.4982 -38.7196
265.8393 -34.5042
268.8743 -30.2162
271.6722 -25.8733
274.2882 -21.4896
276.7681 -17.0763
279.1500 -12.6429
281.4675 -8.1976
283.7506 -3.7480
286.0275 0.6988
288.3256 5.1359
290.6731 9.5557
293.0995 13.9503
295.6374 18.3106
298.3239 22.6259
301.2018 26.8836
304.3221 31.0678
307.7459 35.1589
311.5469 39.1318
315.8138 42.9542
320.6516 46.5839
326.1791 49.9667
332.5201 53.0329
339.7813 55.6961
348.0118 57.8545
357.1455 59.4003
6.9510 60.2371
17.0330 60.3047
26.9182 59.5978
36.1895 58.1683
44.5849 56.1080
52.0125 53.5245
58.5058 50.5213
64.1651 47.1877
69.1133 43.5964
73.4709 39.8040
77.3456 35.8546
80.8289 31.7819
88.8743 30.2162
91.6722 25.8733
94.2882 21.4896
96.7681 17.0763
99.1500 12.6429
101.4675 8.1976
103.7506 3.7480
106.0275 -0.6988
108.3256 -5.1359
110.6731 -9.5557
113.0995 -13.9503
115.6374 -18.3106
118.3239 -22.6259
121.2018 -26.8836
124.3221 -31.0678
127.7459 -35.1589
131.5469 -39.1318
135.8138 -42.9542
140.6516 -46.5839
146.1791 -49.9667
152.5201 -53.0329
159.7813 -55.6961
168.0118 -57.8545
177.1455 -59.4003
186.9510 -60.2371
197.0330 -60.3047
206.9182 -59.5978
216.1895 -58.1683
224.5849 -56.1080
232.0125 -53.5245
238.5058 -50.5213
244.1651 -47.1877
249.1133 -43.5964
253.4709 -39.8040
257.3456 -35.8546
260.8289 -31.7819
263.9969 -27.6122
266.9128 -23.3660
269.6291 -19.0597
272.1900 -14.7063
274.6332 -10.3170
276.9921 -5.9009
279.2967 -1.4663
281.5753 2.9794
283.8553 7.4290
286.1648 11.8755
288.5334 16.3115
290.9937 20.7289
293.5832 25.1185
296.3460 29.4694
299.3356 33.7680
302.6182 37.9974
306.2769 42.1355
310.4174 46.1530
315.1731 50.0104
320.7099 53.6537
327.2240 57.0095
334.9228 59.9786
343.9691 62.4341
354.3735 64.2270
5.8587 65.2122
17.8075 65.2922
29.4253 64.4586
40.0460 62.7955
49.3326 60.4435
57.2550 57.5533
63.9593 54.2565
69.6502 50.6569
74.5281 46.8322
78.7645 42.8392
82.4982 38.7196
85.8393 34.5042
94.0068 32.6301
96.6310 28.2189
99.1011 23.7861
101.4613 19.3410
103.7485 14.8914
105.9944 10.4445
108.2277 6.0070
110.4754 1.5859
112.7637 -2.8119
115.1196 -7.1786
117.5714 -11.5057
120.1504 -15.7831
122.8913 -19.9991
125.8340 -24.1394
129.0245 -28.1866
132.5161 -32.1193
136.3709 -35.9108
140.6591 -39.5274
145.4583 -42.9276
150.8484 -46.0598
156.9014 -48.8614
163.6641 -51.2600
171.1322 -53.1756
179.2222 -54.5295
187.7545 -55.2555
196.4641 -55.3138
205.0477 -54.7013
213.2298 -53.4518
220.8139 -51.6277
227.7006 -49.3068
233.8739 -46.5693
239.3738 -43.4895
244.2695 -40.1316
248.6403 -36.5491
252.5647 -32.7853
256.1144 -28.8749
259.3528 -24.8458
262.3348 -20.7203
265.1076 -16.5163
267.7120 -12.2486
270.1835 -7.9293
272.5538 -3.5688
274.8519 0.8242
277.1047 5.2419
279.3386 9.6769
281.5804 14.1227
283.8582 18.5723
286.2034 23.0188
288.6516 27.4543
291.2455 31.8700
294.0380 36.2551
297.0959 40.5959
300.5068 44.8748
304.3867 49.0676
308.8930 53.1406
314.2389 57.0452
320.7094 60.7102
328.6647 64.0307
338.4928 66.8548
350.4382 68.9792
4.2597 70.1757
18.9444 70.2740
33.0089 69.2583
45.3155 67.2782
55.5003 64.5591
63.7523 61.3121
70.4517 57.6979
75.9693 53.8288
80.6036 49.7810
84.5792 45.6061
88.0618 41.3402
91.1738 37.0086
99.4104 34.8241
101.8034 30.3779
104.0810 25.9283
106.2828 21.4823
108.4418 17.0463
110.5862 12.6266
112.7418 8.2294
114.9331 3.8611
117.1841 -0.4711
119.5195 -4.7593
121.9654 -8.9941
124.5503 -13.1650
127.3057 -17.2592
130.2669 -21.2615
133.4737 -25.1534
136.9707 -28.9127
140.8074 -32.5121
145.0370 -35.9188
149.7138 -39.0931
154.8880 -41.9882
160.5975 -44.5498
166.8551 -46.7182
173.6339 -48.4313
180.8542 -49.6307
188.3786 -50.2697
196.0227 -50.3209
203.5819 -49.7822
210.8661 -48.6767
217.7284 -47.0484
224.0793 -44.9543
229.8835 -42.4562
235.1481 -39.6147
239.9074 -36.4851
244.2104 -33.1155
248.1111 -29.5468
251.6631 -25.8131
254.9167 -21.9423
257.9174 -17.9577
260.7057 -13.8782
263.3177 -9.7196
265.7856 -5.4950
268.1381 -1.2154
270.4019 3.1098
272.6018 7.4724
274.7619 11.8651
276.9064 16.2814
279.0609 20.7150
281.2531 25.1597
283.5151 29.6092
285.8849 34.0565
288.4103 38.4938
291.1529 42.9110
294.1956 47.2957
297.6534 51.6305
301.6914 55.8906
306.5529 60.0387
312.6034 64.0158
320.3920 67.7252
330.6945 71.0050
344.3744 73.5915
1.6493 75.1159
20.8103 75.2439
38.6001 73.9419
52.9234 71.5106
63.7515 68.3284
71.9129 64.6793
78.2184 60.7401
83.2548 56.6166
87.4149 52.3727
90.9595 48.0488
94.0646 43.6713
96.8524 39.2586
105.0920 36.7667
107.1974 32.3244
109.2374 27.8942
111.2434 23.4813
113.2417 19.0911
115.2555 14.7290
117.3062 10.4008
119.4146 6.1128
121.6015 1.8724
123.8884 -2.3122
126.2982 -6.4313
128.8559 -10.4736
131.5887 -14.4259
134.5267 -18.2722
137.7027 -21.9938
141.1526 -25.5684
144.9141 -28.9693
149.0254 -32.1654
153.5225 -35.1201
158.4346 -37.7922
163.7775 -40.1355
169.5461 -42.1016
175.7057 -43.6421
182.1867 -44.7133
188.8840 -45.2812
195.6654 -45.3267
202.3872 -44.8481
208.9140 -43.8618
215.1351 -42.3995
220.9747 -40.5036
226.3922 -38.2218
231.3781 -35.6032
235.9451 -32.6942
240.1207 -29.5371
243.9398 -26.1692
247.4408 -22.6226
250.6615 -18.9247
253.6382 -15.0984
256.4042 -11.1633
258.9902 -7.1355
261.4237 -3.0288
263.7301 1.1452
265.9327 5.3766
268.0532 9.6569
270.1124 13.9786
272.1311 18.3353
274.1305 22.7211
276.1333 27.1304
278.1654 31.5580
280.2570 35.9986
282.4458 40.4467
284.7808 44.8960
287.3291 49.3387
290.1864 53.7649
293.4964 58.1602
297.4866 62.5027
302.5366 66.7559
309.3169 70.8533
319.0619 74.6627
333.9576 77.9027
356.5469 79.9983
24.5064 80.1842
48.4541 78.3682
64.5295 75.2746
74.9771 71.5373
82.1599 67.4775
87.4496 63.2453
91.5899 58.9150
94.9981 54.5270
97.9216 50.1049
100.5154 45.6643
102.8818 41.2155
111.0465 38.4260
112.8133 34.0318
114.5746 29.6614
116.3502 25.3188
118.1578 21.0087
120.0136 16.7361
121.9336 12.5067
123.9337 8.3272
126.0307 4.2048
128.2422 0.1483
130.5873 -3.8323
133.0866 -7.7254
135.7627 -11.5172
138.6400 -15.1919
141.7445 -18.7307
145.1035 -22.1118
148.7444 -25.3102
152.6932 -28.2968
156.9721 -31.0392
161.5954 -33.5014
166.5659 -35.6450
171.8692 -37.4308
177.4701 -38.8210
183.3098 -39.7827
189.3076 -40.2909
195.3661 -40.3315
201.3817 -39.9034
207.2550 -39.0186
212.9020 -37.7002
218.2599 -35.9802
223.2895 -33.8956
227.9730 -31.4856
232.3106 -28.7890
236.3150 -25.8421
240.0074 -22.6782
243.4131 -19.3267
246.5596 -15.8136
249.4742 -12.1610
252.1833 -8.3881
254.7115 -4.5115
257.0817 -0.5452
259.3149 3.4990
261.4304 7.6106
263.4460 11.7809
265.3787 16.0021
267.2445 20.2677
269.0592 24.5717
270.8391 28.9090
272.6015 33.2750
274.3658 37.6653
276.1552 42.0759
277.9987 46.5030
279.9355 50.9424
282.0215 55.3897
284.3420 59.8392
287.0376 64.2835
290.3602 68.7103
294.8141 73.0968
301.5649 77.3915
313.8777 81.4447
342.3328 84.6618
35.3781 85.0059
68.5800 82.0922
82.5781 78.1163
89.9533 73.8476
94.6906 69.4719
98.1618 65.0500
100.9432 60.6077
103.3164 56.1584
105.4357 51.7103
107.3936 47.2692
109.2501 42.8397
117.2535 39.7707
118.6414 35.4742
120.0903 31.2076
121.6064 26.9752
123.1969 22.7815
124.8701 18.6320
126.6355 14.5325
128.5036 10.4899
130.4863 6.5120
132.5970 2.6079
134.8502 -1.2121
137.2622 -4.9361
139.8504 -8.5504
142.6335 -12.0391
145.6311 -15.3841
148.8628 -18.5649
152.3472 -21.5579
156.1007 -24.3372
160.1350 -26.8741
164.4549 -29.1380
169.0552 -31.0971
173.9178 -32.7198
179.0097 -33.9768
184.2823 -34.8428
189.6727 -35.2992
195.1082 -35.3356
200.5119 -34.9513
205.8097 -34.1549
210.9367 -32.9639
215.8417 -31.4023
220.4890 -29.4991
224.8581 -27.2856
228.9416 -24.7936
232.7429 -22.0541
236.2728 -19.0961
239.5468 -15.9460
242.5834 -12.6278
245.4022 -9.1626
248.0227 -5.5688
250.4638 -1.8627
252.7433 1.9416
254.8775 5.8320
256.8814 9.7978
258.7684 13.8298
260.5507 17.9200
262.2392 22.0613
263.8433 26.2478
265.3717 30.4738
266.8318 34.7348
268.2298 39.0264
269.5712 43.3449
270.8601 47.6869
272.0991 52.0494
273.2892 56.4294
274.4280 60.8246
275.5079 65.2324
276.5108 69.6506
277.3929 74.0769
278.0372 78.5091
278.0227 82.9439
274.0669 87.3687
114.7701 88.1253
107.8662 83.7098
107.6147 79.2752
108.1923 74.8423
109.0453 70.4148
110.0315 65.9950
111.0999 61.5853
112.2292 57.1878
113.4107 52.8049
114.6413 48.4393
115.9214 44.0935
123.6754 40.7729
124.6603 36.6269
125.7745 32.5112
127.0097 28.4311
128.3624 24.3922
129.8324 20.4006
131.4222 16.4628
133.1367 12.5865
134.9827 8.7799
136.9688 5.0524
139.1049 1.4148
141.4027 -2.1210
143.8745 -5.5413
146.5336 -8.8309
149.3936 -11.9723
152.4673 -14.9465
155.7664 -17.7322
159.2995 -20.3061
163.0711 -22.6436
167.0797 -24.7189
171.3156 -26.5057
175.7598 -27.9789
180.3827 -29.1154
185.1443 -29.8960
189.9954 -30.3065
194.8804 -30.3393
199.7415 -29.9937
204.5223 -29.2762
209.1723 -28.1999
213.6498 -26.7833
217.9233 -25.0489
221.9721 -23.0217
225.7849 -20.7276
229.3591 -18.1927
232.6980 -15.4419
235.8099 -12.4987
238.7059 -9.3847
241.3988 -6.1194
243.9021 -2.7206
246.2289 0.7963
248.3922 4.4172
250.4034 8.1300
252.2729 11.9236
254.0096 15.7885
255.6206 19.7162
257.1110 23.6990
258.4839 27.7302
259.7396 31.8036
260.8751 35.9135
261.8832 40.0546
262.7508 44.2219
263.4562 48.4103
263.9649 52.6145
264.2215 56.8284
264.1352 61.0448
263.5505 65.2531
262.1844 69.4370
259.4725 73.5659
254.1510 77.5728
242.9642 81.2747
217.4831 84.0572
174.8949 84.3369
145.7901 81.8515
132.9354 78.2427
126.9256 74.2698
123.8843 70.1555
122.3377 65.9783
121.6434 61.7728
121.4846 57.5570
121.6897 53.3420
122.1596 49.1357
122.8339 44.9442
130.2573 41.4096
130.8368 37.4686
131.6087 33.5523
132.5521 29.6682
133.6537 25.8235
134.9051 22.0256
136.3024 18.2824
137.8447 14.6021
139.5338 10.9939
141.3735 7.4675
143.3693 4.0339
145.5281 0.7052
147.8576 -2.5054
150.3660 -5.5831
153.0615 -8.5117
155.9514 -11.2736
159.0415 -13.8498
162.3347 -16.2200
165.8305 -18.3630
169.5233 -20.2572
173.4013 -21.8815
177.4459 -23.2155
181.6313 -24.2414
185.9245 -24.9441
190.2866 -25.3132
194.6748 -25.3426
199.0446 -25.0320
203.3526 -24.3862
207.5591 -23.4152
211.6302 -22.1332
215.5385 -20.5577
219.2643 -18.7086
222.7947 -16.6070
226.1231 -14.2746
229.2481 -11.7325
232.1722 -9.0013
234.9008 -6.1002
237.4410 -3.0470
239.8009 0.1417
241.9886 3.4510
244.0120 6.8673
245.8783 10.3785
247.5930 13.9733
249.1605 17.6418
250.5828 21.3748
251.8596 25.1638
252.9875 29.0009
253.9591 32.8788
254.7619 36.7900
255.3765 40.7273
255.7740 44.6828
255.9115 48.6480
255.7258 52.6126
255.1214 56.5634
253.9522 60.4826
251.9862 64.3435
248.8442 68.1034
243.8868 71.6883
236.0381 74.9616
223.6813 77.6623
205.5294 79.3381
183.8354 79.4829
164.7537 78.0406
151.4424 75.4790
142.9429 72.2813
137.5782 68.7380
134.1778 65.0019
132.0412 61.1547
130.7540 57.2434
130.0644 53.2965
129.8142 49.3333
129.9012 45.3675
136.9300 41.6654
137.1260 37.9826
137.5657 34.3138
138.2191 30.6694
139.0653 27.0588
140.0896 23.4911
141.2823 19.9756
142.6376 16.5217
144.1525 13.1392
145.8266 9.8384
147.6611 6.6306
149.6585 3.5277
151.8222 0.5426
154.1560 -2.3107
156.6634 -5.0173
159.3471 -7.5611
162.2082 -9.9253
165.2458 -12.0924
168.4556 -14.0445
171.8297 -15.7636
175.3555 -17.2326
179.0156 -18.4354
182.7876 -19.3579
186.6443 -19.9885
190.5548 -20.3193
194.4856 -20.3456
198.4020 -20.0673
202.2703 -19.4879
206.0590 -18.6152
209.7402 -17.4599
213.2905 -16.0358
216.6918 -14.3586
219.9307 -12.4455
222.9985 -10.3143
225.8903 -7.9829
228.6046 -5.4688
231.1423 -2.7893
233.5058 0.0398
235.6987 3.0031
237.7245 6.0867
239.5869 9.2773
241.2886 12.5628
242.8310 15.9320
244.2140 19.3743
245.4351 22.8798
246.4891 26.4391
247.3670 30.0429
248.0550 33.6822
248.5334 37.3474
248.7741 41.0286
248.7378 44.7143
248.3696 48.3915
247.5929 52.0437
246.2994 55.6499
244.3352 59.1811
241.4808 62.5963
237.4261 65.8347
231.7505 68.8044
223.9513 71.3668
213.6268 73.3251
200.9430 74.4437
187.1326 74.5361
174.1343 73.5849
163.3648 71.7547
155.1499 69.2809
149.1442 66.3702
144.8426 63.1705
141.8059 59.7809
139.7058 56.2663
138.3089 52.6707
137.4518 49.0248
137.0193 45.3506
143.6157 41.5337
143.4746 38.1581
143.6104 34.7825
143.9896 31.4201
144.5869 28.0827
145.3835 24.7815
146.3657 21.5271
147.5238 18.3299
148.8511 15.2007
150.3433 12.1503
151.9980 9.1901
153.8139 6.3318
155.7908 3.5879
157.9285 0.9717
160.2267 -1.5034
162.6845 -3.8228
165.2996 -5.9718
168.0680 -7.9355
170.9831 -9.6987
174.0358 -11.2468
177.2134 -12.5659
180.5000 -13.6431
183.8763 -14.4675
187.3200 -15.0302
190.8061 -15.3250
194.3082 -15.3485
197.7990 -15.1004
201.2518 -14.5836
204.6415 -13.8039
207.9451 -12.7696
211.1427 -11.4915
214.2180 -9.9820
217.1576 -8.2549
219.9518 -6.3248
222.5938 -4.2066
225.0790 -1.9156
227.4049 0.5336
229.5703 3.1264
231.5750 5.8492
233.4187 8.6886
235.1013 11.6321
236.6218 14.6678
237.9778 17.7842
239.1655 20.9703
240.1787 24.2156
241.0083 27.5095
241.6412 30.8414
242.0596 34.2003
242.2397 37.5745
242.1492 40.9511
241.7460 44.3155
240.9738 47.6500
239.7591 50.9333
238.0056 54.1381
235.5887 57.2290
232.3522 60.1589
228.1104 62.8650
222.6679 65.2641
215.8748 67.2504
207.7320 68.7016
198.5220 69.4991
188.8556 69.5639
179.5150 68.8890
171.1582 67.5429
164.1256 65.6400
158.4578 63.3041
154.0222 60.6445
150.6260 57.7482
148.0796 54.6814
146.2212 51.4934
144.9210 48.2216
144.0782 44.8942
150.2348 41.0180
149.8238 37.9914
149.7019 34.9498
149.8367 31.9086
150.2028 28.8819
150.7802 25.8821
151.5531 22.9214
152.5095 20.0113
153.6401 17.1629
154.9378 14.3877
156.3974 11.6970
158.0145 9.1025
159.7859 6.6160
161.7083 4.2498
163.7786 2.0164
165.9929 -0.0716
168.3466 -2.0013
170.8334 -3.7600
173.4457 -5.3349
176.1735 -6.7143
179.0047 -7.8868
181.9251 -8.8423
184.9181 -9.5723
187.9650 -10.0700
191.0457 -10.3304
194.1391 -10.3512
197.2236 -10.1320
200.2778 -9.6751
203.2814 -8.9848
206.2156 -8.0676
209.0634 -6.9319
211.8099 -5.5875
214.4429 -4.0455
216.9521 -2.3178
219.3292 -0.4167
221.5680 1.6449
223.6634 3.8541
225.6116 6.1983
227.4093 8.6649
229.0534 11.2416
230.5404 13.9165
231.8664 16.6779
233.0264 19.5144
234.0134 22.4147
234.8188 25.3675
235.4310 28.3613
235.8349 31.3843
236.0114 34.4239
235.9359 37.4665
235.5774 40.4969
234.8973 43.4979
233.8474 46.4491
232.3688 49.3265
230.3914 52.1005
227.8339 54.7350
224.6085 57.1856
220.6309 59.3984
215.8400 61.3098
210.2295 62.8488
203.8852 63.9437
197.0123 64.5336
189.9258 64.5811
182.9910 64.0832
176.5373 63.0716
170.7907 61.6043
165.8566 59.7521
161.7418 57.5866
158.3921 55.1729
155.7256 52.5667
153.6540 49.8140
152.0946 46.9523
150.9751 44.0119
156.7148 40.1310
156.1153 37.4860
155.7955 34.8126
155.7289 32.1272
155.8929 29.4450
156.2689 26.7797
156.8416 24.1440
157.5982 21.5502
158.5284 19.0099
159.6234 16.5347
160.8761 14.1358
162.2801 11.8244
163.8300 9.6119
165.5204 7.5094
167.3459 5.5283
169.3008 3.6797
171.3788 1.9748
173.5725 0.4242
175.8734 -0.9615
178.2716 -2.1726
180.7559 -3.2002
183.3135 -4.0363
185.9301 -4.6742
188.5904 -5.1085
191.2778 -5.3357
193.9754 -5.3538
196.6658 -5.1627
199.3319 -4.7639
201.9572 -4.1608
204.5260 -3.3586
207.0239 -2.3635
209.4379 -1.1835
211.7564 0.1728
213.9692 1.6956
216.0677 3.3746
218.0444 5.1991
219.8927 7.1581
221.6068 9.2404
223.1813 11.4348
224.6110 13.7299
225.8902 16.1145
227.0130 18.5773
227.9722 21.1072
228.7595 23.6926
229.3648 26.3219
229.7758 28.9830
229.9777 31.6632
229.9523 34.3490
229.6781 37.0257
229.1290 39.6768
228.2747 42.2842
227.0802 44.8268
225.5060 47.2807
223.5101 49.6180
221.0501 51.8064
218.0886 53.8093
214.6010 55.5855
210.5865 57.0909
206.0804 58.2808
201.1642 59.1137
195.9688 59.5574
190.6640 59.5930
185.4367 59.2189
180.4617 58.4512
175.8775 57.3203
171.7744 55.8662
168.1950 54.1336
165.1438 52.1668
162.5995 50.0077
160.5264 47.6937
158.8825 45.2579
157.6253 42.7287
162.9958 38.8933
162.2953 36.6526
161.8468 34.3734
161.6316 32.0723
161.6325 29.7641
161.8345 27.4628
162.2243 25.1812
162.7903 22.9316
163.5224 20.7258
164.4117 18.5749
165.4501 16.4898
166.6304 14.4814
167.9458 12.5599
169.3897 10.7356
170.9556 9.0187
172.6366 7.4188
174.4255 5.9453
176.3145 4.6075
178.2948 3.4137
180.3572 2.3719
182.4912 1.4893
184.6855 0.7721
186.9281 0.2255
189.2061 -0.1465
191.5061 -0.3409
193.8143 -0.3564
196.1167 -0.1928
198.3994 0.1486
200.6491 0.6653
202.8527 1.3534
204.9979 2.2078
207.0734 3.2226
209.0686 4.3907
210.9740 5.7043
212.7808 7.1549
214.4809 8.7336
216.0672 10.4311
217.5327 12.2375
218.8708 14.1429
220.0749 16.1371
221.1383 18.2096
222.0539 20.3499
222.8138 22.5471
223.4092 24.7899
223.8302 27.0668
224.0656 29.3657
224.1022 31.6736
223.9255 33.9770
223.5186 36.2611
222.8631 38.5097
221.9387 40.7053
220.7243 42.8284
219.1986 44.8575
217.3417 46.7689
215.1383 48.5368
212.5799 50.1335
209.6698 51.5301
206.4270 52.6978
202.8902 53.6093
199.1194 54.2409
195.1947 54.5750
191.2111 54.6018
187.2692 54.3203
183.4656 53.7390
179.8834 52.8743
176.5865 51.7490
173.6170 50.3899
170.9973 48.8256
168.7328 47.0853
166.8170 45.1968
165.2354 43.1863
163.9687 41.0779
169.0344 37.3318
168.3188 35.5076
167.8142 33.6404
167.5097 31.7447
167.3944 29.8344
167.4579 27.9223
167.6904 26.0206
168.0825 24.1410
168.6258 22.2944
169.3123 20.4914
170.1342 18.7422
171.0844 17.0565
172.1560 15.4437
173.3420 13.9131
174.6355 12.4732
176.0295 11.1325
177.5165 9.8990
179.0889 8.7800
180.7385 7.7827
182.4565 6.9133
184.2338 6.1774
186.0606 5.5800
187.9268 5.1250
189.8216 4.8156
191.7342 4.6539
193.6534 4.6410
195.5679 4.7770
197.4666 5.0611
199.3384 5.4911
201.1728 6.0642
202.9594 6.7764
204.6883 7.6232
206.3503 8.5989
207.9366 9.6972
209.4390 10.9115
210.8496 12.2342
212.1610 13.6576
213.3661 15.1732
214.4579 16.7724
215.4296 18.4461
216.2742 20.1851
216.9845 21.9795
217.5531 23.8193
217.9720 25.6940
218.2327 27.5927
218.3261 29.5038
218.2424 31.4153
217.9714 33.3145
217.5022 35.1877
216.8238 37.0204
215.9256 38.7972
214.7976 40.5016
213.4319 42.1163
211.8232 43.6227
209.9707 45.0020
207.8793 46.2349
205.5615 47.3022
203.0384 48.1860
200.3407 48.8700
197.5084 49.3409
194.5897 49.5888
191.6383 49.6086
188.7101 49.3998
185.8593 48.9669
183.1352 48.3189
180.5795 47.4685
178.2244 46.4316
176.0928 45.2260
174.1984 43.8706
172.5475 42.3848
171.1401 40.7875
169.9716 39.0973
174.8048 35.4767
174.1521 34.0724
173.6618 32.6262
173.3296 31.1498
173.1500 29.6547
173.1172 28.1519
173.2253 26.6519
173.4679 25.1647
173.8390 23.7001
174.3322 22.2672
174.9414 20.8750
175.6605 19.5318
176.4832 18.2460
177.4032 17.0251
178.4142 15.8765
179.5096 14.8072
180.6827 13.8237
181.9264 12.9319
183.2336 12.1374
184.5966 11.4453
186.0076 10.8598
187.4585 10.3846
188.9409 10.0230
190.4462 9.7771
191.9655 9.6486
193.4901 9.6384
195.0111 9.7465
196.5194 9.9721
198.0064 10.3140
199.4633 10.7697
200.8818 11.3364
202.2537 12.0104
203.5710 12.7875
204.8262 13.6629
206.0120 14.6310
207.1213 15.6859
208.1474 16.8213
209.0836 18.0302
209.9235 19.3054
210.6610 20.6392
211.2896 22.0235
211.8034 23.4500
212.1960 24.9098
212.4612 26.3937
212.5930 27.8923
212.5850 29.3953
212.4311 30.8925
212.1257 32.3730
211.6631 33.8252
211.0387 35.2376
210.2488 36.5978
209.2910 37.8932
208.1651 39.1110
206.8731 40.2382
205.4202 41.2619
203.8151 42.1696
202.0706 42.9495
200.2036 43.5908
198.2351 44.0843
196.1904 44.4225
194.0973 44.6001
191.9860 44.6142
189.8876 44.4647
187.8324 44.1540
185.8489 43.6869
183.9627 43.0705
182.1957 42.3138
180.5655 41.4273
179.0856 40.4228
177.7653 39.3126
176.6105 38.1095
175.6236 36.8266
180.2974 33.3599
179.7736 32.3715
179.3618 31.3477
179.0615 30.2970
178.8711 29.2279
178.7885 28.1484
178.8110 27.0667
178.9355 25.9906
179.1582 24.9276
179.4753 23.8850
179.8825 22.8697
180.3755 21.8886
180.9496 20.9479
181.6000 20.0539
182.3215 19.2121
183.1090 18.4279
183.9569 17.7064
184.8597 17.0521
185.8115 16.4691
186.8064 15.9612
187.8380 15.5316
188.9001 15.1831
189.9862 14.9178
191.0897 14.7374
192.2039 14.6432
193.3220 14.6357
194.4374 14.7150
195.5432 14.8805
196.6327 15.1312
197.6995 15.4655
198.7368 15.8813
199.7384 16.3759
200.6981 16.9462
201.6098 17.5884
202.4677 18.2987
203.2660 19.0723
203.9993 19.9045
204.6623 20.7900
205.2499 21.7230
205.7573 22.6976
206.1797 23.7074
206.5126 24.7458
206.7519 25.8058
206.8936 26.8802
206.9340 27.9615
206.8698 29.0419
206.6982 30.1134
206.4169 31.1679
206.0245 32.1969
205.5201 33.1920
204.9040 34.1447
204.1777 35.0464
203.3439 35.8886
202.4070 36.6632
201.3729 37.3622
200.2494 37.9783
199.0460 38.5048
197.7741 38.9356
196.4464 39.2657
195.0775 39.4913
193.6828 39.6095
192.2785 39.6189
190.8810 39.5194
189.5065 39.3123
188.1707 39.0000
186.8881 38.5862
185.6720 38.0759
184.5340 37.4748
183.4839 36.7895
182.5297 36.0275
181.6777 35.1963
180.9326 34.3043
185.5155 31.0132
185.1734 30.4308
184.8948 29.8245
184.6806 29.1993
184.5314 28.5601
184.4471 27.9119
184.4271 27.2597
184.4705 26.6084
184.5758 25.9629
184.7413 25.3277
184.9649 24.7076
185.2442 24.1068
185.5765 23.5295
185.9590 22.9798
186.3885 22.4614
186.8617 21.9779
187.3750 21.5325
187.9248 21.1283
188.5071 20.7678
189.1180 20.4536
189.7533 20.1877
190.4088 19.9719
191.0803 19.8076
191.7633 19.6959
192.4533 19.6375
193.1460 19.6329
193.8369 19.6820
194.5214 19.7845
195.1951 19.9398
195.8537 20.1468
196.4929 20.4042
197.1083 20.7102
197.6958 21.0628
198.2514 21.4597
198.7713 21.8982
199.2517 22.3753
199.6890 22.8879
200.0798 23.4325
200.4211 24.0052
200.7098 24.6023
200.9431 25.2194
201.1188 25.8523
201.2347 26.4964
201.2888 27.1470
201.2799 27.7994
201.2067 28.4486
201.0687 29.0897
200.8658 29.7177
200.5983 30.3277
200.2670 30.9145
199.8736 31.4735
199.4203 31.9998
198.9097 32.4889
198.3455 32.9364
197.7319 33.3384
197.0736 33.6912
196.3762 33.9914
195.6457 34.2362
194.8889 34.4233
194.1126 34.5509
193.3243 34.6177
192.5315 34.6230
191.7419 34.5668
190.9630 34.4497
190.2023 34.2728
189.4668 34.0377
188.7632 33.7469
188.0978 33.4030
187.4760 33.0093
186.9030 32.5693
186.3829 32.0871
185.9194 31.5669
190.4727 28.4671
190.3514 28.2770
190.2499 28.0782
190.1686 27.8723
190.1083 27.6609
190.0692 27.4456
190.0514 27.2282
190.0550 27.0102
190.0799 26.7933
190.1257 26.5791
190.1919 26.3693
190.2781 26.1654
190.3833 25.9690
190.5068 25.7814
190.6476 25.6041
190.8046 25.4383
190.9765 25.2853
191.1621 25.1462
191.3599 25.0220
191.5686 24.9136
191.7865 24.8218
192.0122 24.7472
192.2439 24.6903
192.4800 24.6517
192.7189 24.6315
192.9587 24.6298
193.1978 24.6468
193.4345 24.6823
193.6671 24.7361
193.8940 24.8076
194.1134 24.8966
194.3237 25.0022
194.5236 25.1237
194.7114 25.2603
194.8857 25.4110
195.0454 25.5746
195.1890 25.7500
195.3156 25.9359
195.4241 26.1309
195.5136 26.3336
195.5833 26.5425
195.6327 26.7560
195.6612 26.9726
195.6685 27.1905
195.6544 27.4082
195.6190 27.6239
195.5622 27.8361
195.4846 28.0431
195.3865 28.2432
195.2686 28.4350
195.1317 28.6168
194.9769 28.7874
194.8051 28.9452
194.6178 29.0891
194.4164 29.2179
194.2024 29.3306
193.9776 29.4262
193.7436 29.5040
193.5025 29.5634
193.2561 29.6038
193.0065 29.6249
192.7557 29.6266
192.5058 29.6088
192.2587 29.5717
192.0165 29.5156
191.7812 29.4410
191.5547 29.3484
191.3387 29.2386
191.1350 29.1125
190.9451 28.9711
190.7706 28.8156
190.6127 28.6471
