-172.174 -82.1739
-156.522 -82.1739
-140.87 -82.1739
-125.218 -82.1739
-109.566 -82.1739
-93.9138 -82.1739
-78.2616 -82.1739
-62.6094 -82.1739
-46.9572 -82.1739
-31.305 -82.1739
-15.6528 -82.1739
-0.0006 -82.1739
15.6516 -82.1739
31.3038 -82.1739
46.956 -82.1739
62.6082 -82.1739
78.2604 -82.1739
93.9126 -82.1739
109.565 -82.1739
125.217 -82.1739
140.869 -82.1739
156.521 -82.1739
-172.174 -66.5217
-156.522 -66.5217
-140.87 -66.5217
-125.218 -66.5217
-109.566 -66.5217
-93.9138 -66.5217
-78.2616 -66.5217
-62.6094 -66.5217
-46.9572 -66.5217
-31.305 -66.5217
-15.6528 -66.5217
-0.0006 -66.5217
15.6516 -66.5217
31.3038 -66.5217
46.956 -66.5217
62.6082 -66.5217
78.2604 -66.5217
93.9126 -66.5217
109.565 -66.5217
125.217 -66.5217
140.869 -66.5217
156.521 -66.5217
-172.174 -50.8695
-156.522 -50.8695
-140.87 -50.8695
-125.218 -50.8695
-109.566 -50.8695
-93.9138 -50.8695
-78.2616 -50.8695
-62.6094 -50.8695
-46.9572 -50.8695
-31.305 -50.8695
-15.6528 -50.8695
-0.0006 -50.8695
15.6516 -50.8695
31.3038 -50.8695
46.956 -50.8695
62.6082 -50.8695
78.2604 -50.8695
93.9126 -50.8695
109.565 -50.8695
125.217 -50.8695
140.869 -50.8695
156.521 -50.8695
-172.174 -35.2173
-156.522 -35.2173
-140.87 -35.2173
-125.218 -35.2173
-109.566 -35.2173
-93.9138 -35.2173
-78.2616 -35.2173
-62.6094 -35.2173
-46.9572 -35.2173
-31.305 -35.2173
-15.6528 -35.2173
-0.0006 -35.2173
15.6516 -35.2173
31.3038 -35.2173
46.956 -35.2173
62.6082 -35.2173
78.2604 -35.2173
93.9126 -35.2173
109.565 -35.2173
125.217 -35.2173
140.869 -35.2173
156.521 -35.2173
-172.174 -19.5651
-156.522 -19.5651
-140.87 -19.5651
-125.218 -19.5651
-109.566 -19.5651
-93.9138 -19.5651
-78.2616 -19.5651
-62.6094 -19.5651
-46.9572 -19.5651
-31.305 -19.5651
-15.6528 -19.5651
-0.0006 -19.5651
15.6516 -19.5651
31.3038 -19.5651
46.956 -19.5651
62.6082 -19.5651
78.2604 -19.5651
93.9126 -19.5651
109.565 -19.5651
125.217 -19.5651
140.869 -19.5651
156.521 -19.5651
-172.174 -3.9129
-156.522 -3.9129
-140.87 -3.9129
-125.218 -3.9129
-109.566 -3.9129
-93.9138 -3.9129
-78.2616 -3.9129
-62.6094 -3.9129
-46.9572 -3.9129
-31.305 -3.9129
-15.6528 -3.9129
-0.0006 -3.9129
15.6516 -3.9129
31.3038 -3.9129
46.956 -3.9129
62.6082 -3.9129
78.2604 -3.9129
93.9126 -3.9129
109.565 -3.9129
125.217 -3.9129
140.869 -3.9129
156.521 -3.9129
-172.174 11.7393
-156.522 11.7393
-140.87 11.7393
-125.218 11.7393
-109.566 11.7393
-93.9138 11.7393
-78.2616 11.7393
-62.6094 11.7393
-46.9572 11.7393
-31.305 11.7393
-15.6528 11.7393
-0.0006 11.7393
15.6516 11.7393
31.3038 11.7393
46.956 11.7393
62.6082 11.7393
78.2604 11.7393
93.9126 11.7393
109.565 11.7393
125.217 11.7393
140.869 11.7393
156.521 11.7393
-172.174 27.3915
-156.522 27.3915
-140.87 27.3915
-125.218 27.3915
-109.566 27.3915
-93.9138 27.3915
-78.2616 27.3915
-62.6094 27.3915
-46.9572 27.3915
-31.305 27.3915
-15.6528 27.3915
-0.0006 27.3915
15.6516 27.3915
31.3038 27.3915
46.956 27.3915
62.6082 27.3915
78.2604 27.3915
93.9126 27.3915
109.565 27.3915
125.217 27.3915
140.869 27.3915
156.521 27.3915
-172.174 43.0437
-156.522 43.0437
-140.87 43.0437
-125.218 43.0437
-109.566 43.0437
-93.9138 43.0437
-78.2616 43.0437
-62.6094 43.0437
-46.9572 43.0437
-31.305 43.0437
-15.6528 43.0437
-0.0006 43.0437
15.6516 43.0437
31.3038 43.0437
46.956 43.0437
62.6082 43.0437
78.2604 43.0437
93.9126 43.0437
109.565 43.0437
125.217 43.0437
140.869 43.0437
156.521 43.0437
-172.174 58.6959
-156.522 58.6959
-140.87 58.6959
-125.218 58.6959
-109.566 58.6959
-93.9138 58.6959
-78.2616 58.6959
-62.6094 58.6959
-46.9572 58.6959
-31.305 58.6959
-15.6528 58.6959
-0.0006 58.6959
15.6516 58.6959
31.3038 58.6959
46.956 58.6959
62.6082 58.6959
78.2604 58.6959
93.9126 58.6959
109.565 58.6959
125.217 58.6959
140.869 58.6959
156.521 58.6959
-172.174 74.3481
-156.522 74.3481
-140.87 74.3481
-125.218 74.3481
-109.566 74.3481
-93.9138 74.3481
-78.2616 74.3481
-62.6094 74.3481
-46.9572 74.3481
-31.305 74.3481
-15.6528 74.3481
-0.0006 74.3481
15.6516 74.3481
31.3038 74.3481
46.956 74.3481
62.6082 74.3481
78.2604 74.3481
93.9126 74.3481
109.565 74.3481
125.217 74.3481
140.869 74.3481
156.521 74.3481
