0.000000  0.000000 
0.000000  9.000000 
0.000000  18.000000 
0.000000  27.000000 
0.000000  36.000000 
0.000000  45.000000 
0.000000  54.000000 
0.000000  63.000000 
0.000000  72.000000 
0.000000  81.000000 
0.000000  90.000000 
0.000000  99.000000 
0.000000  108.000000 
0.000000  117.000000 
0.000000  126.000000 
0.000000  135.000000 
0.000000  144.000000 
0.000000  153.000000 
0.000000  162.000000 
0.000000  171.000000 
0.000000  180.000000 
0.000000  189.000000 
0.000000  198.000000 
0.000000  207.000000 
0.000000  216.000000 
0.000000  225.000000 
0.000000  234.000000 
0.000000  243.000000 
0.000000  252.000000 
0.000000  261.000000 
0.000000  270.000000 
0.000000  279.000000 
0.000000  288.000000 
0.000000  297.000000 
0.000000  306.000000 
0.000000  315.000000 
0.000000  324.000000 
0.000000  333.000000 
0.000000  342.000000 
0.000000  351.000000 
4.250000  0.000000 
4.250000  9.000051 
4.250000  18.000102 
4.250000  27.000154 
4.250000  36.000205 
4.250000  45.000256 
4.250000  54.000307 
4.250000  63.000359 
4.250000  72.000410 
4.250000  81.000461 
4.250000  90.000512 
4.250000  99.000563 
4.250000  108.000615 
4.250000  117.000666 
4.250000  126.000717 
4.250000  135.000768 
4.250000  144.000820 
4.250000  153.000871 
4.250000  162.000922 
4.250000  171.000973 
4.250000  180.001024 
4.250000  189.001076 
4.250000  198.001127 
4.250000  207.001178 
4.250000  216.001229 
4.250000  225.001281 
4.250000  234.001332 
4.250000  243.001383 
4.250000  252.001434 
4.250000  261.001486 
4.250000  270.001537 
4.250000  279.001588 
4.250000  288.001639 
4.250000  297.001690 
4.250000  306.001742 
4.250000  315.001793 
4.250000  324.001844 
4.250000  333.001895 
4.250000  342.001947 
8.500000  0.000000 
8.500000  9.000207 
8.500000  18.000414 
8.500000  27.000622 
8.500000  36.000829 
8.500000  45.001036 
8.500000  54.001243 
8.500000  63.001450 
8.500000  72.001658 
8.500000  81.001865 
8.500000  90.002072 
8.500000  99.002279 
8.500000  108.002486 
8.500000  117.002693 
8.500000  126.002901 
8.500000  135.003108 
8.500000  144.003315 
8.500000  153.003522 
8.500000  162.003729 
8.500000  171.003937 
8.500000  180.004144 
8.500000  189.004351 
8.500000  198.004558 
8.500000  207.004765 
8.500000  216.004973 
8.500000  225.005180 
8.500000  234.005387 
8.500000  243.005594 
8.500000  252.005801 
8.500000  261.006009 
8.500000  270.006216 
8.500000  279.006423 
8.500000  288.006630 
8.500000  297.006837 
8.500000  306.007044 
8.500000  315.007252 
8.500000  324.007459 
8.500000  333.007666 
8.500000  342.007873 
12.750000  0.000000 
12.750000  9.000475 
12.750000  18.000950 
12.750000  27.001425 
12.750000  36.001900 
12.750000  45.002375 
12.750000  54.002850 
12.750000  63.003325 
12.750000  72.003800 
12.750000  81.004275 
12.750000  90.004750 
12.750000  99.005225 
12.750000  108.005700 
12.750000  117.006175 
12.750000  126.006650 
12.750000  135.007125 
12.750000  144.007600 
12.750000  153.008075 
12.750000  162.008550 
12.750000  171.009025 
12.750000  180.009500 
12.750000  189.009975 
12.750000  198.010450 
12.750000  207.010925 
12.750000  216.011400 
12.750000  225.011875 
12.750000  234.012350 
12.750000  243.012825 
12.750000  252.013300 
12.750000  261.013775 
12.750000  270.014250 
12.750000  279.014725 
12.750000  288.015200 
12.750000  297.015675 
12.750000  306.016150 
12.750000  315.016625 
12.750000  324.017100 
12.750000  333.017575 
12.750000  342.018050 
17.000000  0.000000 
17.000000  9.000867 
17.000000  18.001734 
17.000000  27.002602 
17.000000  36.003469 
17.000000  45.004336 
17.000000  54.005203 
17.000000  63.006071 
17.000000  72.006938 
17.000000  81.007805 
17.000000  90.008672 
17.000000  99.009540 
17.000000  108.010407 
17.000000  117.011274 
17.000000  126.012141 
17.000000  135.013008 
17.000000  144.013876 
17.000000  153.014743 
17.000000  162.015610 
17.000000  171.016477 
17.000000  180.017345 
17.000000  189.018212 
17.000000  198.019079 
17.000000  207.019946 
17.000000  216.020814 
17.000000  225.021681 
17.000000  234.022548 
17.000000  243.023415 
17.000000  252.024282 
17.000000  261.025150 
17.000000  270.026017 
17.000000  279.026884 
17.000000  288.027751 
17.000000  297.028619 
17.000000  306.029486 
17.000000  315.030353 
17.000000  324.031220 
17.000000  333.032088 
17.000000  342.032955 
21.250000  0.000000 
21.250000  9.001403 
21.250000  18.002807 
21.250000  27.004210 
21.250000  36.005613 
21.250000  45.007017 
21.250000  54.008420 
21.250000  63.009823 
21.250000  72.011227 
21.250000  81.012630 
21.250000  90.014033 
21.250000  99.015436 
21.250000  108.016840 
21.250000  117.018243 
21.250000  126.019646 
21.250000  135.021050 
21.250000  144.022453 
21.250000  153.023856 
21.250000  162.025260 
21.250000  171.026663 
21.250000  180.028066 
21.250000  189.029470 
21.250000  198.030873 
21.250000  207.032276 
21.250000  216.033680 
21.250000  225.035083 
21.250000  234.036486 
21.250000  243.037890 
21.250000  252.039293 
21.250000  261.040696 
21.250000  270.042099 
21.250000  279.043503 
21.250000  288.044906 
21.250000  297.046309 
21.250000  306.047713 
21.250000  315.049116 
21.250000  324.050519 
21.250000  333.051923 
21.250000  342.053326 
25.500000  0.000000 
25.500000  9.002112 
25.500000  18.004223 
25.500000  27.006335 
25.500000  36.008446 
25.500000  45.010558 
25.500000  54.012670 
25.500000  63.014781 
25.500000  72.016893 
25.500000  81.019004 
25.500000  90.021116 
25.500000  99.023228 
25.500000  108.025339 
25.500000  117.027451 
25.500000  126.029562 
25.500000  135.031674 
25.500000  144.033786 
25.500000  153.035897 
25.500000  162.038009 
25.500000  171.040120 
25.500000  180.042232 
25.500000  189.044344 
25.500000  198.046455 
25.500000  207.048567 
25.500000  216.050678 
25.500000  225.052790 
25.500000  234.054902 
25.500000  243.057013 
25.500000  252.059125 
25.500000  261.061236 
25.500000  270.063348 
25.500000  279.065460 
25.500000  288.067571 
25.500000  297.069683 
25.500000  306.071794 
25.500000  315.073906 
25.500000  324.076018 
25.500000  333.078129 
25.500000  342.080241 
29.750000  0.000000 
29.750000  9.003033 
29.750000  18.006066 
29.750000  27.009098 
29.750000  36.012131 
29.750000  45.015164 
29.750000  54.018197 
29.750000  63.021230 
29.750000  72.024262 
29.750000  81.027295 
29.750000  90.030328 
29.750000  99.033361 
29.750000  108.036394 
29.750000  117.039426 
29.750000  126.042459 
29.750000  135.045492 
29.750000  144.048525 
29.750000  153.051558 
29.750000  162.054590 
29.750000  171.057623 
29.750000  180.060656 
29.750000  189.063689 
29.750000  198.066722 
29.750000  207.069754 
29.750000  216.072787 
29.750000  225.075820 
29.750000  234.078853 
29.750000  243.081886 
29.750000  252.084918 
29.750000  261.087951 
29.750000  270.090984 
29.750000  279.094017 
29.750000  288.097050 
29.750000  297.100082 
29.750000  306.103115 
29.750000  315.106148 
29.750000  324.109181 
29.750000  333.112214 
29.750000  342.115246 
34.000000  0.000000 
34.000000  9.004225 
34.000000  18.008451 
34.000000  27.012676 
34.000000  36.016902 
34.000000  45.021127 
34.000000  54.025353 
34.000000  63.029578 
34.000000  72.033803 
34.000000  81.038029 
34.000000  90.042254 
34.000000  99.046480 
34.000000  108.050705 
34.000000  117.054930 
34.000000  126.059156 
34.000000  135.063381 
34.000000  144.067607 
34.000000  153.071832 
34.000000  162.076058 
34.000000  171.080283 
34.000000  180.084508 
34.000000  189.088734 
34.000000  198.092959 
34.000000  207.097185 
34.000000  216.101410 
34.000000  225.105635 
34.000000  234.109861 
34.000000  243.114086 
34.000000  252.118312 
34.000000  261.122537 
34.000000  270.126763 
34.000000  279.130988 
34.000000  288.135213 
34.000000  297.139439 
34.000000  306.143664 
34.000000  315.147890 
34.000000  324.152115 
34.000000  333.156340 
34.000000  342.160566 
38.250000  0.000000 
38.250000  9.005775 
38.250000  18.011549 
38.250000  27.017324 
38.250000  36.023098 
38.250000  45.028873 
38.250000  54.034647 
38.250000  63.040422 
38.250000  72.046197 
38.250000  81.051971 
38.250000  90.057746 
38.250000  99.063520 
38.250000  108.069295 
38.250000  117.075069 
38.250000  126.080844 
38.250000  135.086619 
38.250000  144.092393 
38.250000  153.098168 
38.250000  162.103942 
38.250000  171.109717 
38.250000  180.115491 
38.250000  189.121266 
38.250000  198.127041 
38.250000  207.132815 
38.250000  216.138590 
38.250000  225.144364 
38.250000  234.150139 
38.250000  243.155914 
38.250000  252.161688 
38.250000  261.167463 
38.250000  270.173237 
38.250000  279.179012 
38.250000  288.184786 
38.250000  297.190561 
38.250000  306.196336 
38.250000  315.202110 
38.250000  324.207885 
38.250000  333.213659 
38.250000  342.219434 
42.500000  0.000000 
42.500000  9.007807 
42.500000  18.015613 
42.500000  27.023420 
42.500000  36.031227 
42.500000  45.039033 
42.500000  54.046840 
42.500000  63.054647 
42.500000  72.062453 
42.500000  81.070260 
42.500000  90.078067 
42.500000  99.085874 
42.500000  108.093680 
42.500000  117.101487 
42.500000  126.109294 
42.500000  135.117100 
42.500000  144.124907 
42.500000  153.132714 
42.500000  162.140520 
42.500000  171.148327 
42.500000  180.156134 
42.500000  189.163940 
42.500000  198.171747 
42.500000  207.179554 
42.500000  216.187360 
42.500000  225.195167 
42.500000  234.202974 
42.500000  243.210780 
42.500000  252.218587 
42.500000  261.226394 
42.500000  270.234200 
42.500000  279.242007 
42.500000  288.249814 
42.500000  297.257621 
42.500000  306.265427 
42.500000  315.273234 
42.500000  324.281041 
42.500000  333.288847 
42.500000  342.296654 
46.750000  0.000000 
46.750000  9.010515 
46.750000  18.021030 
46.750000  27.031545 
46.750000  36.042060 
46.750000  45.052575 
46.750000  54.063090 
46.750000  63.073605 
46.750000  72.084119 
46.750000  81.094634 
46.750000  90.105149 
46.750000  99.115664 
46.750000  108.126179 
46.750000  117.136694 
46.750000  126.147209 
46.750000  135.157724 
46.750000  144.168239 
46.750000  153.178754 
46.750000  162.189269 
46.750000  171.199784 
46.750000  180.210299 
46.750000  189.220814 
46.750000  198.231329 
46.750000  207.241843 
46.750000  216.252358 
46.750000  225.262873 
46.750000  234.273388 
46.750000  243.283903 
46.750000  252.294418 
46.750000  261.304933 
46.750000  270.315448 
46.750000  279.325963 
46.750000  288.336478 
46.750000  297.346993 
46.750000  306.357508 
46.750000  315.368023 
46.750000  324.378538 
46.750000  333.389053 
46.750000  342.399568 
51.000000  0.000000 
51.000000  9.014206 
51.000000  18.028411 
51.000000  27.042617 
51.000000  36.056822 
51.000000  45.071028 
51.000000  54.085233 
51.000000  63.099439 
51.000000  72.113644 
51.000000  81.127850 
51.000000  90.142055 
51.000000  99.156261 
51.000000  108.170466 
51.000000  117.184672 
51.000000  126.198877 
51.000000  135.213083 
51.000000  144.227288 
51.000000  153.241494 
51.000000  162.255699 
51.000000  171.269905 
51.000000  180.284110 
51.000000  189.298316 
51.000000  198.312521 
51.000000  207.326727 
51.000000  216.340932 
51.000000  225.355138 
51.000000  234.369343 
51.000000  243.383549 
51.000000  252.397754 
51.000000  261.411960 
51.000000  270.426165 
51.000000  279.440371 
51.000000  288.454576 
51.000000  297.468782 
51.000000  306.482987 
51.000000  315.497193 
51.000000  324.511398 
51.000000  333.525604 
51.000000  342.539809 
55.250000  0.000000 
55.250000  9.019386 
55.250000  18.038773 
55.250000  27.058159 
55.250000  36.077545 
55.250000  45.096932 
55.250000  54.116318 
55.250000  63.135704 
55.250000  72.155091 
55.250000  81.174477 
55.250000  90.193863 
55.250000  99.213249 
55.250000  108.232636 
55.250000  117.252022 
55.250000  126.271408 
55.250000  135.290795 
55.250000  144.310181 
55.250000  153.329567 
55.250000  162.348954 
55.250000  171.368340 
55.250000  180.387726 
55.250000  189.407113 
55.250000  198.426499 
55.250000  207.445885 
55.250000  216.465272 
55.250000  225.484658 
55.250000  234.504044 
55.250000  243.523430 
55.250000  252.542817 
55.250000  261.562203 
55.250000  270.581589 
55.250000  279.600976 
55.250000  288.620362 
55.250000  297.639748 
55.250000  306.659135 
55.250000  315.678521 
55.250000  324.697907 
55.250000  333.717294 
55.250000  342.736680 
59.500000  0.000000 
59.500000  9.026950 
59.500000  18.053900 
59.500000  27.080850 
59.500000  36.107799 
59.500000  45.134749 
59.500000  54.161699 
59.500000  63.188649 
59.500000  72.215599 
59.500000  81.242549 
59.500000  90.269499 
59.500000  99.296448 
59.500000  108.323398 
59.500000  117.350348 
59.500000  126.377298 
59.500000  135.404248 
59.500000  144.431198 
59.500000  153.458148 
59.500000  162.485097 
59.500000  171.512047 
59.500000  180.538997 
59.500000  189.565947 
59.500000  198.592897 
59.500000  207.619847 
59.500000  216.646797 
59.500000  225.673747 
59.500000  234.700696 
59.500000  243.727646 
59.500000  252.754596 
59.500000  261.781546 
59.500000  270.808496 
59.500000  279.835446 
59.500000  288.862396 
59.500000  297.889345 
59.500000  306.916295 
59.500000  315.943245 
59.500000  324.970195 
59.500000  333.997145 
59.500000  343.024095 
63.750000  0.000000 
63.750000  9.038585 
63.750000  18.077169 
63.750000  27.115754 
63.750000  36.154339 
63.750000  45.192924 
63.750000  54.231508 
63.750000  63.270093 
63.750000  72.308678 
63.750000  81.347263 
63.750000  90.385847 
63.750000  99.424432 
63.750000  108.463017 
63.750000  117.501602 
63.750000  126.540186 
63.750000  135.578771 
63.750000  144.617356 
63.750000  153.655941 
63.750000  162.694525 
63.750000  171.733110 
63.750000  180.771695 
63.750000  189.810279 
63.750000  198.848864 
63.750000  207.887449 
63.750000  216.926034 
63.750000  225.964618 
63.750000  235.003203 
63.750000  244.041788 
63.750000  253.080373 
63.750000  262.118957 
63.750000  271.157542 
63.750000  280.196127 
63.750000  289.234712 
63.750000  298.273296 
63.750000  307.311881 
63.750000  316.350466 
63.750000  325.389051 
63.750000  334.427635 
63.750000  343.466220 
68.000000  0.000000 
68.000000  9.057815 
68.000000  18.115630 
68.000000  27.173445 
68.000000  36.231261 
68.000000  45.289076 
68.000000  54.346891 
68.000000  63.404706 
68.000000  72.462521 
68.000000  81.520336 
68.000000  90.578151 
68.000000  99.635966 
68.000000  108.693782 
68.000000  117.751597 
68.000000  126.809412 
68.000000  135.867227 
68.000000  144.925042 
68.000000  153.982857 
68.000000  163.040672 
68.000000  172.098488 
68.000000  181.156303 
68.000000  190.214118 
68.000000  199.271933 
68.000000  208.329748 
68.000000  217.387563 
68.000000  226.445378 
68.000000  235.503193 
68.000000  244.561009 
68.000000  253.618824 
68.000000  262.676639 
68.000000  271.734454 
68.000000  280.792269 
68.000000  289.850084 
68.000000  298.907899 
68.000000  307.965715 
68.000000  317.023530 
68.000000  326.081345 
68.000000  335.139160 
68.000000  344.196975 
72.250000  0.000000 
72.250000  9.093077 
72.250000  18.186155 
72.250000  27.279232 
72.250000  36.372310 
72.250000  45.465387 
72.250000  54.558465 
72.250000  63.651542 
72.250000  72.744620 
72.250000  81.837697 
72.250000  90.930775 
72.250000  100.023852 
72.250000  109.116929 
72.250000  118.210007 
72.250000  127.303084 
72.250000  136.396162 
72.250000  145.489239 
72.250000  154.582317 
72.250000  163.675394 
72.250000  172.768472 
72.250000  181.861549 
72.250000  190.954627 
72.250000  200.047704 
72.250000  209.140781 
72.250000  218.233859 
72.250000  227.326936 
72.250000  236.420014 
72.250000  245.513091 
72.250000  254.606169 
72.250000  263.699246 
72.250000  272.792324 
72.250000  281.885401 
72.250000  290.978479 
72.250000  300.071556 
72.250000  309.164633 
72.250000  318.257711 
72.250000  327.350788 
72.250000  336.443866 
72.250000  345.536943 
76.500000  0.000000 
76.500000  9.169243 
76.500000  18.338487 
76.500000  27.507730 
76.500000  36.676974 
76.500000  45.846217 
76.500000  55.015460 
76.500000  64.184704 
76.500000  73.353947 
76.500000  82.523191 
76.500000  91.692434 
76.500000  100.861677 
76.500000  110.030921 
76.500000  119.200164 
76.500000  128.369408 
76.500000  137.538651 
76.500000  146.707894 
76.500000  155.877138 
76.500000  165.046381 
76.500000  174.215625 
76.500000  183.384868 
76.500000  192.554111 
76.500000  201.723355 
76.500000  210.892598 
76.500000  220.061842 
76.500000  229.231085 
76.500000  238.400328 
76.500000  247.569572 
76.500000  256.738815 
76.500000  265.908059 
76.500000  275.077302 
76.500000  284.246546 
76.500000  293.415789 
76.500000  302.585032 
76.500000  311.754276 
76.500000  320.923519 
76.500000  330.092763 
76.500000  339.262006 
76.500000  348.431249 
80.750000  0.000000 
80.750000  9.392523 
80.750000  18.785046 
80.750000  28.177569 
80.750000  37.570092 
80.750000  46.962615 
80.750000  56.355138 
80.750000  65.747661 
80.750000  75.140184 
80.750000  84.532707 
80.750000  93.925230 
80.750000  103.317753 
80.750000  112.710276 
80.750000  122.102799 
80.750000  131.495322 
80.750000  140.887845 
80.750000  150.280368 
80.750000  159.672891 
80.750000  169.065414 
80.750000  178.457937 
80.750000  187.850460 
80.750000  197.242983 
80.750000  206.635506 
80.750000  216.028029 
80.750000  225.420552 
80.750000  234.813075 
80.750000  244.205598 
80.750000  253.598121 
80.750000  262.990644 
80.750000  272.383166 
80.750000  281.775689 
80.750000  291.168212 
80.750000  300.560735 
80.750000  309.953258 
80.750000  319.345781 
80.750000  328.738304 
80.750000  338.130827 
80.750000  347.523350 
